"C:\Program Files\Java\jdk1.8.0_291\bin\java.exe" "-javaagent:C:\Program Files\JetBrains\IntelliJ IDEA Community Edition 2021.1.1\lib\idea_rt.jar=56620:C:\Program Files\JetBrains\IntelliJ IDEA Community Edition 2021.1.1\bin" -Dfile.encoding=UTF-8 -classpath C:\Users\harrizazham98\AppData\Local\Temp\classpath555498751.jar ai.certifai.solution.EXERCISE.forest.Forest
13
2021-11-22 14:35:38 INFO  BaseAllocator:382 - Debug mode disabled.
2021-11-22 14:35:38 INFO  DefaultAllocationManagerOption:382 - allocation manager type not specified, using netty as the default type
2021-11-22 14:35:38 INFO  CheckAllocator:386 - Using DefaultAllocationManager at memory-unsafe/4.0.0/arrow-memory-unsafe-4.0.0.jar!/org/apache/arrow/memory/DefaultAllocationManagerFactory.class
516
[7, 4, 9, 1, 90.6, 35.4, 669.1, 6.7, 18.0, 33, 0.9, 0.0, 0.0]
[7, 4, 9, 5, 90.6, 43.7, 686.9, 6.7, 14.6, 33, 1.3, 0.0, 0.0]
[8, 6, 2, 4, 91.7, 33.3, 77.5, 9.0, 8.3, 97, 4.0, 0.2, 0.0]
[8, 6, 2, 6, 89.3, 51.3, 102.2, 9.6, 11.4, 99, 1.8, 0.0, 0.0]
[8, 6, 7, 6, 92.3, 85.3, 488.0, 14.7, 22.2, 29, 5.4, 0.0, 0.0]
[8, 6, 7, 0, 92.3, 88.9, 495.6, 8.5, 24.1, 27, 3.1, 0.0, 0.0]
[8, 6, 7, 0, 91.5, 145.4, 608.2, 10.7, 8.0, 86, 2.2, 0.0, 0.0]
[8, 6, 8, 1, 91.0, 129.5, 692.6, 7.0, 13.1, 63, 5.4, 0.0, 0.0]
[7, 5, 8, 5, 92.5, 88.0, 698.6, 7.1, 22.8, 40, 4.0, 0.0, 0.0]
[7, 5, 8, 5, 92.5, 88.0, 698.6, 7.1, 17.8, 51, 7.2, 0.0, 0.0]
[7, 5, 8, 5, 92.8, 73.2, 713.0, 22.6, 19.3, 38, 4.0, 0.0, 0.0]
[6, 5, 7, 4, 63.5, 70.8, 665.3, 0.8, 17.0, 72, 6.7, 0.0, 0.0]
[6, 5, 8, 0, 90.9, 126.5, 686.5, 7.0, 21.3, 42, 2.2, 0.0, 0.0]
[6, 5, 8, 2, 92.9, 133.3, 699.6, 9.2, 26.4, 21, 4.5, 0.0, 0.0]
[6, 5, 8, 4, 93.3, 141.2, 713.9, 13.9, 22.9, 44, 5.4, 0.0, 0.0]
[5, 5, 2, 5, 91.7, 35.8, 80.8, 7.8, 15.1, 27, 5.4, 0.0, 0.0]
[8, 5, 9, 0, 84.9, 32.8, 664.2, 3.0, 16.7, 47, 4.9, 0.0, 0.0]
[6, 4, 2, 2, 89.2, 27.9, 70.8, 6.3, 15.9, 35, 4.0, 0.0, 0.0]
[6, 4, 3, 5, 86.3, 27.4, 97.1, 5.1, 9.3, 44, 4.5, 0.0, 0.0]
[6, 4, 8, 1, 91.0, 129.5, 692.6, 7.0, 18.3, 40, 2.7, 0.0, 0.0]
[5, 4, 8, 0, 91.8, 78.5, 724.3, 9.2, 19.1, 38, 2.7, 0.0, 0.0]
[7, 4, 5, 6, 94.3, 96.3, 200.0, 56.1, 21.0, 44, 4.5, 0.0, 0.0]
[7, 4, 7, 5, 90.2, 110.9, 537.4, 6.2, 19.5, 43, 5.8, 0.0, 0.0]
[7, 4, 7, 5, 93.5, 139.4, 594.2, 20.3, 23.7, 32, 5.8, 0.0, 0.0]
[7, 4, 7, 6, 91.4, 142.4, 601.4, 10.6, 16.3, 60, 5.4, 0.0, 0.0]
[7, 4, 8, 4, 92.4, 117.9, 668.0, 12.2, 19.0, 34, 5.8, 0.0, 0.0]
[7, 4, 8, 0, 90.9, 126.5, 686.5, 7.0, 19.4, 48, 1.3, 0.0, 0.0]
[6, 3, 8, 5, 93.4, 145.4, 721.4, 8.1, 30.2, 24, 2.7, 0.0, 0.0]
[6, 3, 8, 6, 93.5, 149.3, 728.6, 8.1, 22.8, 39, 3.6, 0.0, 0.0]
[6, 3, 8, 4, 94.3, 85.1, 692.3, 15.9, 25.4, 24, 3.6, 0.0, 0.0]
[6, 3, 8, 0, 88.6, 91.8, 709.9, 7.1, 11.2, 78, 7.6, 0.0, 0.0]
[6, 3, 8, 4, 88.6, 69.7, 706.8, 5.8, 20.6, 37, 1.8, 0.0, 0.0]
[6, 3, 8, 6, 91.7, 75.6, 718.3, 7.8, 17.7, 39, 3.6, 0.0, 0.0]
[6, 3, 8, 0, 91.8, 78.5, 724.3, 9.2, 21.2, 32, 2.7, 0.0, 0.0]
[6, 3, 8, 1, 90.3, 80.7, 730.2, 6.3, 18.2, 62, 4.5, 0.0, 0.0]
[6, 3, 9, 1, 90.6, 35.4, 669.1, 6.7, 21.7, 24, 4.5, 0.0, 0.0]
[7, 4, 9, 4, 90.0, 41.5, 682.6, 8.7, 11.3, 60, 5.4, 0.0, 0.0]
[7, 3, 9, 5, 90.6, 43.7, 686.9, 6.7, 17.8, 27, 4.0, 0.0, 0.0]
[4, 4, 2, 1, 88.1, 25.7, 67.6, 3.8, 14.1, 43, 2.7, 0.0, 0.0]
[4, 4, 6, 1, 79.5, 60.6, 366.7, 1.5, 23.3, 37, 3.1, 0.0, 0.0]
[4, 4, 7, 5, 90.2, 96.9, 624.2, 8.9, 18.4, 42, 6.7, 0.0, 0.0]
[4, 4, 7, 1, 94.8, 108.3, 647.1, 17.0, 16.6, 54, 5.4, 0.0, 0.0]
[4, 4, 8, 5, 92.5, 88.0, 698.6, 7.1, 19.6, 48, 2.7, 0.0, 0.0]
[4, 4, 8, 2, 90.1, 82.9, 735.7, 6.2, 12.9, 74, 4.9, 0.0, 0.0]
[5, 6, 8, 2, 94.3, 85.1, 692.3, 15.9, 25.9, 24, 4.0, 0.0, 0.0]
[5, 6, 8, 0, 90.9, 126.5, 686.5, 7.0, 14.7, 70, 3.6, 0.0, 0.0]
[6, 6, 6, 0, 94.2, 62.3, 442.9, 11.0, 23.0, 36, 3.1, 0.0, 0.0]
[4, 4, 2, 0, 87.2, 23.9, 64.7, 4.1, 11.8, 35, 1.8, 0.0, 0.0]
[4, 4, 2, 0, 87.6, 52.2, 103.8, 5.0, 11.0, 46, 5.8, 0.0, 0.0]
[4, 4, 8, 3, 92.9, 137.0, 706.4, 9.2, 20.8, 17, 1.3, 0.0, 0.0]
[4, 3, 7, 6, 90.2, 99.6, 631.2, 6.3, 21.5, 34, 2.2, 0.0, 0.0]
[4, 3, 7, 2, 92.1, 111.2, 654.1, 9.6, 20.4, 42, 4.9, 0.0, 0.0]
[4, 3, 7, 2, 92.1, 111.2, 654.1, 9.6, 20.4, 42, 4.9, 0.0, 0.0]
[4, 3, 7, 3, 91.7, 114.3, 661.3, 6.3, 17.6, 45, 3.6, 0.0, 0.0]
[4, 3, 8, 3, 92.9, 137.0, 706.4, 9.2, 27.7, 24, 2.2, 0.0, 0.0]
[4, 3, 8, 1, 90.3, 80.7, 730.2, 6.3, 17.8, 63, 4.9, 0.0, 0.0]
[4, 3, 9, 6, 92.6, 46.5, 691.8, 8.8, 13.8, 50, 2.7, 0.0, 0.0]
[2, 2, 1, 0, 84.0, 9.3, 34.0, 2.1, 13.9, 40, 5.4, 0.0, 0.0]
[2, 2, 1, 4, 86.6, 13.2, 43.0, 5.3, 12.3, 51, 0.9, 0.0, 0.0]
[2, 2, 2, 6, 89.3, 51.3, 102.2, 9.6, 11.5, 39, 5.8, 0.0, 0.0]
[2, 2, 2, 6, 89.3, 51.3, 102.2, 9.6, 5.5, 59, 6.3, 0.0, 0.0]
[2, 2, 7, 3, 93.0, 75.3, 466.6, 7.7, 18.8, 35, 4.9, 0.0, 0.0]
[2, 2, 7, 6, 90.2, 99.6, 631.2, 6.3, 20.8, 33, 2.7, 0.0, 0.0]
[2, 2, 7, 0, 91.1, 103.2, 638.8, 5.8, 23.1, 31, 3.1, 0.0, 0.0]
[2, 2, 7, 3, 91.7, 114.3, 661.3, 6.3, 18.6, 44, 4.5, 0.0, 0.0]
[2, 2, 8, 4, 92.4, 117.9, 668.0, 12.2, 23.0, 37, 4.5, 0.0, 0.0]
[2, 2, 8, 4, 92.4, 117.9, 668.0, 12.2, 19.6, 33, 5.4, 0.0, 0.0]
[2, 2, 8, 4, 92.4, 117.9, 668.0, 12.2, 19.6, 33, 6.3, 0.0, 0.0]
[4, 5, 2, 4, 91.7, 33.3, 77.5, 9.0, 17.2, 26, 4.5, 0.0, 0.0]
[4, 5, 2, 4, 91.2, 48.3, 97.8, 12.5, 15.8, 27, 7.6, 0.0, 0.0]
[4, 5, 8, 4, 94.3, 85.1, 692.3, 15.9, 17.7, 37, 3.6, 0.0, 0.0]
[5, 4, 2, 4, 91.7, 33.3, 77.5, 9.0, 15.6, 25, 6.3, 0.0, 0.0]
[5, 4, 7, 1, 88.8, 147.3, 614.5, 9.0, 17.3, 43, 4.5, 0.0, 0.0]
[5, 4, 8, 4, 93.3, 141.2, 713.9, 13.9, 27.6, 30, 1.3, 0.0, 0.0]
[9, 9, 1, 3, 84.2, 6.8, 26.6, 7.7, 6.7, 79, 3.1, 0.0, 0.0]
[9, 9, 1, 4, 86.6, 13.2, 43.0, 5.3, 15.7, 43, 3.1, 0.0, 0.0]
[1, 3, 2, 0, 87.6, 52.2, 103.8, 5.0, 8.3, 72, 3.1, 0.0, 0.0]
[1, 2, 7, 4, 90.1, 108.0, 529.8, 12.5, 14.7, 66, 2.7, 0.0, 0.0]
[1, 2, 7, 1, 91.0, 121.2, 561.6, 7.0, 21.6, 19, 6.7, 0.0, 0.0]
[1, 2, 7, 6, 91.4, 142.4, 601.4, 10.6, 19.5, 39, 6.3, 0.0, 0.0]
[1, 2, 7, 6, 90.2, 99.6, 631.2, 6.3, 17.9, 44, 2.2, 0.0, 0.0]
[1, 2, 7, 1, 94.8, 108.3, 647.1, 17.0, 18.6, 51, 4.5, 0.0, 0.0]
[1, 2, 7, 2, 92.1, 111.2, 654.1, 9.6, 16.6, 47, 0.9, 0.0, 0.0]
[1, 2, 7, 3, 91.7, 114.3, 661.3, 6.3, 20.2, 45, 3.6, 0.0, 0.0]
[1, 2, 8, 3, 92.9, 137.0, 706.4, 9.2, 21.5, 15, 0.9, 0.0, 0.0]
[1, 2, 8, 3, 92.9, 137.0, 706.4, 9.2, 25.4, 27, 2.2, 0.0, 0.0]
[1, 2, 8, 3, 92.9, 137.0, 706.4, 9.2, 22.4, 34, 2.2, 0.0, 0.0]
[1, 2, 8, 6, 93.5, 149.3, 728.6, 8.1, 25.3, 36, 3.6, 0.0, 0.0]
[6, 5, 2, 5, 91.7, 35.8, 80.8, 7.8, 17.4, 25, 4.9, 0.0, 0.0]
[6, 5, 7, 5, 90.2, 96.9, 624.2, 8.9, 14.7, 59, 5.8, 0.0, 0.0]
[8, 6, 2, 4, 91.7, 35.8, 80.8, 7.8, 17.4, 24, 5.4, 0.0, 0.0]
[8, 6, 7, 6, 92.3, 85.3, 488.0, 14.7, 20.8, 32, 6.3, 0.0, 0.0]
[8, 6, 7, 6, 91.4, 142.4, 601.4, 10.6, 18.2, 43, 4.9, 0.0, 0.0]
[8, 6, 7, 0, 91.1, 103.2, 638.8, 5.8, 23.4, 22, 2.7, 0.0, 0.0]
[4, 4, 8, 6, 89.7, 90.0, 704.4, 4.8, 17.8, 64, 1.3, 0.0, 0.0]
[3, 4, 1, 5, 83.9, 8.0, 30.2, 2.6, 12.7, 48, 1.8, 0.0, 0.0]
[3, 4, 2, 5, 69.0, 2.4, 15.5, 0.7, 17.4, 24, 5.4, 0.0, 0.0]
[3, 4, 7, 6, 91.4, 142.4, 601.4, 10.6, 11.6, 87, 4.5, 0.0, 0.0]
[3, 4, 7, 6, 91.4, 142.4, 601.4, 10.6, 19.8, 39, 5.4, 0.0, 0.0]
[3, 4, 7, 6, 91.4, 142.4, 601.4, 10.6, 19.8, 39, 5.4, 0.0, 0.0]
[3, 4, 7, 1, 88.8, 147.3, 614.5, 9.0, 14.4, 66, 5.4, 0.0, 0.0]
[2, 4, 7, 1, 94.8, 108.3, 647.1, 17.0, 20.1, 40, 4.0, 0.0, 0.0]
[2, 4, 8, 5, 92.5, 121.1, 674.4, 8.6, 24.1, 29, 4.5, 0.0, 0.0]
[2, 4, 0, 5, 82.1, 3.7, 9.3, 2.9, 5.3, 78, 3.1, 0.0, 0.0]
[4, 5, 2, 4, 85.9, 19.5, 57.3, 2.8, 12.7, 52, 6.3, 0.0, 0.0]
[4, 5, 2, 3, 91.4, 30.7, 74.3, 7.5, 18.2, 29, 3.1, 0.0, 0.0]
[4, 5, 7, 6, 90.2, 99.6, 631.2, 6.3, 21.4, 33, 3.1, 0.0, 0.0]
[4, 5, 8, 5, 92.5, 88.0, 698.6, 7.1, 20.3, 45, 3.1, 0.0, 0.0]
[4, 5, 8, 0, 88.6, 91.8, 709.9, 7.1, 17.4, 56, 5.4, 0.0, 0.0]
[4, 4, 2, 4, 85.9, 19.5, 57.3, 2.8, 13.7, 43, 5.8, 0.0, 0.0]
[3, 4, 2, 4, 91.7, 33.3, 77.5, 9.0, 18.8, 18, 4.5, 0.0, 0.0]
[3, 4, 8, 6, 89.7, 90.0, 704.4, 4.8, 22.8, 39, 3.6, 0.0, 0.0]
[3, 4, 8, 0, 91.8, 78.5, 724.3, 9.2, 18.9, 35, 2.7, 0.0, 0.0]
[3, 4, 2, 1, 88.1, 25.7, 67.6, 3.8, 15.8, 27, 7.6, 0.0, 0.0]
[3, 5, 2, 1, 88.1, 25.7, 67.6, 3.8, 15.5, 27, 6.3, 0.0, 0.0]
[3, 4, 2, 5, 91.7, 35.8, 80.8, 7.8, 11.6, 30, 6.3, 0.0, 0.0]
[3, 4, 2, 5, 91.7, 35.8, 80.8, 7.8, 15.2, 27, 4.9, 0.0, 0.0]
[3, 4, 2, 0, 90.1, 39.7, 86.6, 6.2, 10.6, 30, 4.0, 0.0, 0.0]
[3, 4, 7, 3, 93.0, 75.3, 466.6, 7.7, 19.6, 36, 3.1, 0.0, 0.0]
[3, 4, 7, 0, 91.5, 145.4, 608.2, 10.7, 10.3, 74, 2.2, 0.0, 0.0]
[3, 4, 7, 0, 91.5, 145.4, 608.2, 10.7, 17.1, 43, 5.4, 0.0, 0.0]
[3, 4, 8, 6, 92.4, 124.1, 680.7, 8.5, 22.5, 42, 5.4, 0.0, 0.0]
[3, 4, 8, 1, 84.4, 73.4, 671.9, 3.2, 17.9, 45, 3.1, 0.0, 0.0]
[3, 4, 8, 4, 94.3, 85.1, 692.3, 15.9, 19.8, 50, 5.4, 0.0, 0.0]
[3, 4, 9, 6, 92.6, 46.5, 691.8, 8.8, 20.6, 24, 5.4, 0.0, 0.0]
[3, 5, 2, 0, 87.6, 52.2, 103.8, 5.0, 9.0, 49, 2.2, 0.0, 0.0]
[3, 5, 8, 4, 93.5, 149.3, 728.6, 8.1, 17.2, 43, 3.1, 0.0, 0.0]
[3, 5, 9, 2, 91.4, 37.9, 673.8, 5.2, 15.9, 46, 3.6, 0.0, 0.0]
[2, 5, 9, 6, 92.6, 46.5, 691.8, 8.8, 15.4, 35, 0.9, 0.0, 0.0]
[4, 6, 1, 5, 68.2, 21.5, 87.2, 0.8, 15.4, 40, 2.7, 0.0, 0.0]
[4, 6, 2, 0, 87.2, 23.9, 64.7, 4.1, 14.0, 39, 3.1, 0.0, 0.0]
[4, 6, 2, 6, 89.3, 51.3, 102.2, 9.6, 10.6, 46, 4.9, 0.0, 0.0]
[4, 6, 8, 3, 93.7, 80.9, 685.2, 17.9, 17.6, 42, 3.1, 0.0, 0.0]
[3, 5, 2, 1, 88.1, 25.7, 67.6, 3.8, 14.9, 38, 2.7, 0.0, 0.0]
[3, 5, 7, 5, 93.5, 139.4, 594.2, 20.3, 17.6, 52, 5.8, 0.0, 0.0]
[3, 6, 8, 6, 92.4, 124.1, 680.7, 8.5, 17.2, 58, 1.3, 0.0, 0.0]
[3, 6, 8, 0, 90.9, 126.5, 686.5, 7.0, 15.6, 66, 3.1, 0.0, 0.0]
[9, 9, 6, 1, 85.8, 48.3, 313.4, 3.9, 18.0, 42, 2.7, 0.0, 0.36]
[1, 4, 8, 1, 91.0, 129.5, 692.6, 7.0, 21.7, 38, 2.2, 0.0, 0.43]
[2, 5, 8, 0, 90.9, 126.5, 686.5, 7.0, 21.9, 39, 1.8, 0.0, 0.47]
[1, 2, 7, 2, 95.5, 99.9, 513.3, 13.2, 23.3, 31, 4.5, 0.0, 0.55]
[8, 6, 7, 4, 90.1, 108.0, 529.8, 12.5, 21.2, 51, 8.9, 0.0, 0.61]
[1, 2, 6, 5, 90.0, 51.3, 296.3, 8.7, 16.6, 53, 5.4, 0.0, 0.71]
[2, 5, 7, 2, 95.5, 99.9, 513.3, 13.2, 23.8, 32, 5.4, 0.0, 0.77]
[6, 5, 7, 3, 95.2, 131.7, 578.8, 10.4, 27.4, 22, 4.0, 0.0, 0.9]
[5, 4, 2, 0, 90.1, 39.7, 86.6, 6.2, 13.2, 40, 5.4, 0.0, 0.95]
[8, 3, 8, 1, 84.4, 73.4, 671.9, 3.2, 24.2, 28, 3.6, 0.0, 0.96]
[2, 2, 7, 1, 94.8, 108.3, 647.1, 17.0, 17.4, 43, 6.7, 0.0, 1.07]
[8, 6, 8, 3, 93.7, 80.9, 685.2, 17.9, 23.7, 25, 4.5, 0.0, 1.12]
[6, 5, 5, 4, 92.5, 56.4, 433.3, 7.1, 23.2, 39, 5.4, 0.0, 1.19]
[9, 9, 6, 6, 90.1, 68.6, 355.2, 7.2, 24.8, 29, 2.2, 0.0, 1.36]
[3, 4, 6, 5, 90.1, 51.2, 424.1, 6.2, 24.6, 43, 1.8, 0.0, 1.43]
[5, 4, 8, 4, 94.3, 85.1, 692.3, 15.9, 20.1, 47, 4.9, 0.0, 1.46]
[1, 5, 8, 5, 93.4, 145.4, 721.4, 8.1, 29.6, 27, 2.7, 0.0, 1.46]
[7, 4, 7, 6, 94.8, 108.3, 647.1, 17.0, 16.4, 47, 1.3, 0.0, 1.56]
[2, 4, 8, 5, 93.4, 145.4, 721.4, 8.1, 28.6, 27, 2.2, 0.0, 1.61]
[2, 2, 7, 2, 92.1, 111.2, 654.1, 9.6, 18.4, 45, 3.6, 0.0, 1.63]
[2, 4, 7, 2, 92.1, 111.2, 654.1, 9.6, 20.5, 35, 4.0, 0.0, 1.64]
[7, 4, 8, 4, 92.4, 117.9, 668.0, 12.2, 19.0, 34, 5.8, 0.0, 1.69]
[7, 4, 2, 0, 90.1, 39.7, 86.6, 6.2, 16.1, 29, 3.1, 0.0, 1.75]
[6, 4, 7, 3, 95.2, 131.7, 578.8, 10.4, 20.3, 41, 4.0, 0.0, 1.9]
[6, 3, 2, 5, 90.6, 50.1, 100.4, 7.8, 15.2, 31, 8.5, 0.0, 1.94]
[8, 6, 8, 5, 92.5, 121.1, 674.4, 8.6, 17.8, 56, 1.8, 0.0, 1.95]
[8, 5, 8, 6, 89.7, 90.0, 704.4, 4.8, 17.8, 67, 2.2, 0.0, 2.01]
[6, 5, 2, 3, 84.9, 18.2, 55.0, 3.0, 5.3, 70, 4.5, 0.0, 2.14]
[6, 5, 7, 2, 92.1, 111.2, 654.1, 9.6, 16.6, 47, 0.9, 0.0, 2.29]
[6, 5, 7, 2, 96.0, 127.1, 570.5, 16.5, 23.4, 33, 4.5, 0.0, 2.51]
[6, 5, 2, 4, 91.2, 48.3, 97.8, 12.5, 14.6, 26, 9.4, 0.0, 2.53]
[8, 6, 7, 3, 95.2, 131.7, 578.8, 10.4, 20.7, 45, 2.2, 0.0, 2.55]
[5, 4, 8, 2, 92.9, 133.3, 699.6, 9.2, 21.9, 35, 1.8, 0.0, 2.57]
[8, 6, 7, 2, 85.6, 90.4, 609.6, 6.6, 17.4, 50, 4.0, 0.0, 2.69]
[7, 4, 7, 6, 91.4, 142.4, 601.4, 10.6, 20.1, 39, 5.4, 0.0, 2.74]
[4, 4, 8, 0, 90.9, 126.5, 686.5, 7.0, 17.7, 39, 2.2, 0.0, 3.07]
[1, 4, 7, 5, 90.2, 96.9, 624.2, 8.9, 14.2, 53, 1.8, 0.0, 3.5]
[1, 4, 7, 5, 90.2, 96.9, 624.2, 8.9, 20.3, 39, 4.9, 0.0, 4.53]
[6, 5, 3, 3, 81.5, 9.1, 55.2, 2.7, 5.8, 54, 5.8, 0.0, 4.61]
[2, 5, 7, 6, 90.2, 99.6, 631.2, 6.3, 19.2, 44, 2.7, 0.0, 4.69]
[2, 5, 8, 2, 90.1, 82.9, 735.7, 6.2, 18.3, 45, 2.2, 0.0, 4.88]
[8, 6, 7, 1, 88.8, 147.3, 614.5, 9.0, 14.4, 66, 5.4, 0.0, 5.23]
[1, 3, 8, 6, 92.4, 124.1, 680.7, 8.5, 23.9, 32, 6.7, 0.0, 5.33]
[8, 6, 9, 0, 84.9, 32.8, 664.2, 3.0, 19.1, 32, 4.0, 0.0, 5.44]
[5, 4, 1, 6, 86.8, 15.6, 48.3, 3.9, 12.4, 53, 2.2, 0.0, 6.38]
[7, 4, 9, 0, 91.7, 48.5, 696.1, 11.1, 16.8, 45, 4.5, 0.0, 6.83]
[8, 6, 7, 4, 93.9, 135.7, 586.7, 15.1, 20.8, 34, 4.9, 0.0, 6.96]
[2, 5, 8, 1, 91.0, 129.5, 692.6, 7.0, 17.6, 46, 3.1, 0.0, 7.04]
[8, 6, 2, 6, 89.3, 51.3, 102.2, 9.6, 11.5, 39, 5.8, 0.0, 7.19]
[1, 5, 8, 0, 90.9, 126.5, 686.5, 7.0, 21.0, 42, 2.2, 0.0, 7.3]
[6, 4, 2, 5, 90.8, 41.9, 89.4, 7.9, 13.3, 42, 0.9, 0.0, 7.4]
[7, 4, 2, 6, 90.7, 44.0, 92.4, 5.5, 11.5, 60, 4.0, 0.0, 8.24]
[6, 5, 2, 4, 91.2, 48.3, 97.8, 12.5, 11.7, 33, 4.0, 0.0, 8.31]
[2, 5, 7, 3, 95.2, 131.7, 578.8, 10.4, 24.2, 28, 2.7, 0.0, 8.68]
[2, 2, 7, 1, 94.8, 108.3, 647.1, 17.0, 24.6, 22, 4.5, 0.0, 8.71]
[4, 5, 8, 2, 92.9, 133.3, 699.6, 9.2, 24.3, 25, 4.0, 0.0, 9.41]
[2, 2, 7, 1, 94.8, 108.3, 647.1, 17.0, 24.6, 22, 4.5, 0.0, 10.01]
[2, 5, 7, 4, 93.9, 135.7, 586.7, 15.1, 23.5, 36, 5.4, 0.0, 10.02]
[6, 5, 3, 3, 81.5, 9.1, 55.2, 2.7, 5.8, 54, 5.8, 0.0, 10.93]
[4, 5, 8, 3, 92.9, 137.0, 706.4, 9.2, 21.5, 15, 0.9, 0.0, 11.06]
[3, 4, 8, 1, 91.0, 129.5, 692.6, 7.0, 13.9, 59, 6.3, 0.0, 11.24]
[2, 4, 8, 0, 63.5, 70.8, 665.3, 0.8, 22.6, 38, 3.6, 0.0, 11.32]
[1, 5, 8, 1, 91.0, 129.5, 692.6, 7.0, 21.6, 33, 2.2, 0.0, 11.53]
[6, 5, 2, 6, 90.1, 37.6, 83.7, 7.2, 12.4, 54, 3.6, 0.0, 12.1]
[7, 4, 1, 6, 83.9, 8.7, 32.1, 2.1, 8.8, 68, 2.2, 0.0, 13.05]
[8, 6, 9, 2, 91.4, 37.9, 673.8, 5.2, 20.2, 37, 2.7, 0.0, 13.7]
[5, 6, 2, 5, 90.6, 50.1, 100.4, 7.8, 15.1, 64, 4.0, 0.0, 13.99]
[4, 5, 8, 3, 92.9, 137.0, 706.4, 9.2, 22.1, 34, 1.8, 0.0, 14.57]
[2, 2, 7, 5, 93.5, 139.4, 594.2, 20.3, 22.9, 31, 7.2, 0.0, 15.45]
[7, 5, 8, 1, 91.0, 129.5, 692.6, 7.0, 20.7, 37, 2.2, 0.0, 17.2]
[6, 5, 8, 4, 92.4, 117.9, 668.0, 12.2, 19.6, 33, 6.3, 0.0, 19.23]
[8, 3, 8, 3, 93.7, 80.9, 685.2, 17.9, 23.2, 26, 4.9, 0.0, 23.41]
[4, 4, 9, 5, 90.6, 43.7, 686.9, 6.7, 18.4, 25, 3.1, 0.0, 24.23]
[7, 4, 7, 5, 93.5, 139.4, 594.2, 20.3, 5.1, 96, 5.8, 0.0, 26.0]
[7, 4, 8, 4, 94.3, 85.1, 692.3, 15.9, 20.1, 47, 4.9, 0.0, 26.13]
[7, 3, 2, 0, 87.6, 52.2, 103.8, 5.0, 11.0, 46, 5.8, 0.0, 27.35]
[4, 4, 2, 5, 91.7, 35.8, 80.8, 7.8, 17.0, 27, 4.9, 0.0, 28.66]
[4, 4, 2, 5, 91.7, 35.8, 80.8, 7.8, 17.0, 27, 4.9, 0.0, 28.66]
[4, 4, 8, 6, 92.4, 124.1, 680.7, 8.5, 16.9, 60, 1.3, 0.0, 29.48]
[1, 3, 8, 0, 88.6, 91.8, 709.9, 7.1, 12.4, 73, 6.3, 0.0, 30.32]
[4, 5, 8, 2, 92.9, 133.3, 699.6, 9.2, 19.4, 19, 1.3, 0.0, 31.72]
[6, 5, 2, 0, 90.1, 39.7, 86.6, 6.2, 15.2, 27, 3.1, 0.0, 31.86]
[8, 6, 7, 6, 90.2, 99.6, 631.2, 6.3, 16.2, 59, 3.1, 0.0, 32.07]
[3, 4, 8, 4, 93.3, 141.2, 713.9, 13.9, 18.6, 49, 3.6, 0.0, 35.88]
[4, 3, 2, 0, 87.6, 52.2, 103.8, 5.0, 11.0, 46, 5.8, 0.0, 36.85]
[2, 2, 6, 4, 88.3, 150.3, 309.9, 6.8, 13.4, 79, 3.6, 0.0, 37.02]
[7, 4, 8, 2, 90.1, 82.9, 735.7, 6.2, 15.4, 57, 4.5, 0.0, 37.71]
[4, 4, 8, 6, 93.5, 149.3, 728.6, 8.1, 22.9, 39, 4.9, 0.0, 48.55]
[7, 5, 9, 0, 91.7, 48.5, 696.1, 11.1, 16.1, 44, 4.0, 0.0, 49.37]
[8, 6, 7, 5, 92.2, 81.8, 480.8, 11.9, 20.1, 34, 4.5, 0.0, 58.3]
[4, 6, 8, 6, 93.5, 149.3, 728.6, 8.1, 28.3, 26, 3.1, 0.0, 64.1]
[8, 6, 7, 5, 92.2, 81.8, 480.8, 11.9, 16.4, 43, 4.0, 0.0, 71.3]
[4, 4, 8, 2, 92.9, 133.3, 699.6, 9.2, 26.4, 21, 4.5, 0.0, 88.49]
[1, 5, 8, 6, 93.5, 149.3, 728.6, 8.1, 27.8, 27, 3.1, 0.0, 95.18]
[6, 4, 8, 1, 91.0, 129.5, 692.6, 7.0, 18.7, 43, 2.7, 0.0, 103.39]
[9, 4, 8, 1, 84.4, 73.4, 671.9, 3.2, 24.3, 36, 3.1, 0.0, 105.66]
[4, 5, 8, 5, 92.5, 121.1, 674.4, 8.6, 17.7, 25, 3.1, 0.0, 154.88]
[8, 6, 7, 6, 91.4, 142.4, 601.4, 10.6, 19.6, 41, 5.8, 0.0, 196.48]
[2, 2, 8, 5, 92.5, 121.1, 674.4, 8.6, 18.2, 46, 1.8, 0.0, 200.94]
[1, 2, 8, 1, 91.0, 129.5, 692.6, 7.0, 18.8, 40, 2.2, 0.0, 212.88]
[6, 5, 8, 5, 92.5, 121.1, 674.4, 8.6, 25.1, 27, 4.0, 0.0, 1090.84]
[7, 5, 3, 6, 81.9, 3.0, 7.9, 3.5, 13.4, 75, 1.8, 0.0, 0.0]
[6, 3, 3, 2, 88.0, 17.2, 43.5, 3.8, 15.2, 51, 2.7, 0.0, 0.0]
[4, 4, 3, 4, 83.0, 23.3, 85.3, 2.3, 16.7, 20, 3.1, 0.0, 0.0]
[2, 4, 7, 6, 94.2, 122.3, 589.9, 12.9, 15.4, 66, 4.0, 0.0, 10.13]
[7, 4, 7, 6, 91.8, 175.1, 700.7, 13.8, 21.9, 73, 7.6, 1.0, 0.0]
[2, 4, 7, 6, 91.8, 175.1, 700.7, 13.8, 22.4, 54, 7.6, 0.0, 2.87]
[3, 4, 7, 6, 91.8, 175.1, 700.7, 13.8, 26.8, 38, 6.3, 0.0, 0.76]
[5, 4, 7, 6, 91.8, 175.1, 700.7, 13.8, 25.7, 39, 5.4, 0.0, 0.09]
[2, 4, 7, 2, 92.2, 91.6, 503.6, 9.6, 20.7, 70, 2.2, 0.0, 0.75]
[8, 6, 7, 2, 93.1, 157.3, 666.7, 13.5, 28.7, 28, 2.7, 0.0, 0.0]
[3, 4, 7, 2, 93.1, 157.3, 666.7, 13.5, 21.7, 40, 0.4, 0.0, 2.47]
[8, 5, 7, 2, 93.1, 157.3, 666.7, 13.5, 26.8, 25, 3.1, 0.0, 0.68]
[8, 5, 7, 2, 93.1, 157.3, 666.7, 13.5, 24.0, 36, 3.1, 0.0, 0.24]
[6, 5, 7, 2, 93.1, 157.3, 666.7, 13.5, 22.1, 37, 3.6, 0.0, 0.21]
[7, 4, 7, 3, 91.9, 109.2, 565.5, 8.0, 21.4, 38, 2.7, 0.0, 1.52]
[6, 3, 7, 3, 91.6, 138.1, 621.7, 6.3, 18.9, 41, 3.1, 0.0, 10.34]
[2, 5, 7, 3, 87.5, 77.0, 694.8, 5.0, 22.3, 46, 4.0, 0.0, 0.0]
[8, 6, 7, 5, 94.2, 117.2, 581.1, 11.0, 23.9, 41, 2.2, 0.0, 8.02]
[4, 3, 7, 5, 94.2, 117.2, 581.1, 11.0, 21.4, 44, 2.7, 0.0, 0.68]
[3, 4, 7, 5, 91.8, 170.9, 692.3, 13.7, 20.6, 59, 0.9, 0.0, 0.0]
[7, 4, 7, 5, 91.8, 170.9, 692.3, 13.7, 23.7, 40, 1.8, 0.0, 1.38]
[2, 4, 7, 0, 93.6, 97.9, 542.0, 14.4, 28.3, 32, 4.0, 0.0, 8.85]
[3, 4, 7, 4, 91.6, 112.4, 573.0, 8.9, 11.2, 84, 7.6, 0.0, 3.3]
[2, 4, 7, 4, 91.6, 112.4, 573.0, 8.9, 21.4, 42, 3.1, 0.0, 4.25]
[6, 3, 7, 4, 91.1, 141.1, 629.1, 7.1, 19.3, 39, 3.6, 0.0, 1.56]
[4, 4, 7, 4, 94.3, 167.6, 684.4, 13.0, 21.8, 53, 3.1, 0.0, 6.54]
[4, 4, 7, 1, 93.7, 102.2, 550.3, 14.6, 22.1, 54, 7.6, 0.0, 0.79]
[6, 5, 7, 1, 94.3, 131.7, 607.1, 22.7, 19.4, 55, 4.0, 0.0, 0.17]
[2, 2, 7, 1, 92.1, 152.6, 658.2, 14.3, 23.7, 24, 3.1, 0.0, 0.0]
[3, 4, 7, 1, 92.1, 152.6, 658.2, 14.3, 21.0, 32, 3.1, 0.0, 0.0]
[4, 4, 7, 1, 92.1, 152.6, 658.2, 14.3, 19.1, 53, 2.7, 0.0, 4.4]
[2, 2, 7, 1, 92.1, 152.6, 658.2, 14.3, 21.8, 56, 3.1, 0.0, 0.52]
[8, 6, 7, 1, 92.1, 152.6, 658.2, 14.3, 20.1, 58, 4.5, 0.0, 9.27]
[2, 5, 7, 1, 92.1, 152.6, 658.2, 14.3, 20.2, 47, 4.0, 0.0, 3.09]
[4, 6, 11, 6, 84.4, 27.2, 353.5, 6.8, 4.8, 57, 8.5, 0.0, 8.98]
[8, 6, 11, 2, 84.0, 27.8, 354.6, 5.3, 5.1, 61, 8.0, 0.0, 11.19]
[4, 6, 11, 3, 84.6, 26.4, 352.0, 2.0, 5.1, 61, 4.9, 0.0, 5.38]
[4, 4, 11, 0, 85.4, 25.4, 349.7, 2.6, 4.6, 21, 8.5, 0.0, 17.85]
[3, 4, 11, 0, 85.4, 25.4, 349.7, 2.6, 4.6, 21, 8.5, 0.0, 10.73]
[4, 4, 11, 0, 85.4, 25.4, 349.7, 2.6, 4.6, 21, 8.5, 0.0, 22.03]
[4, 4, 11, 0, 85.4, 25.4, 349.7, 2.6, 4.6, 21, 8.5, 0.0, 9.77]
[4, 6, 11, 4, 84.7, 26.7, 352.6, 4.1, 2.2, 59, 4.9, 0.0, 9.27]
[6, 5, 11, 1, 85.4, 25.4, 349.7, 2.6, 5.1, 24, 8.5, 0.0, 24.77]
[6, 3, 1, 6, 84.9, 27.5, 353.5, 3.4, 4.2, 51, 4.0, 0.0, 0.0]
[3, 4, 1, 2, 86.9, 6.6, 18.7, 3.2, 8.8, 35, 3.1, 0.0, 1.1]
[5, 4, 1, 4, 85.2, 4.9, 15.8, 6.3, 7.5, 46, 8.0, 0.0, 24.24]
[2, 5, 6, 6, 93.9, 169.7, 411.8, 12.3, 23.4, 40, 6.3, 0.0, 0.0]
[7, 6, 6, 2, 91.2, 183.1, 437.7, 12.5, 12.6, 90, 7.6, 0.2, 0.0]
[7, 4, 6, 5, 91.6, 104.2, 474.9, 9.0, 22.1, 49, 2.7, 0.0, 0.0]
[7, 4, 6, 5, 91.6, 104.2, 474.9, 9.0, 24.2, 32, 1.8, 0.0, 0.0]
[7, 4, 6, 5, 91.6, 104.2, 474.9, 9.0, 24.3, 30, 1.8, 0.0, 0.0]
[2, 5, 6, 5, 91.6, 104.2, 474.9, 9.0, 18.7, 53, 1.8, 0.0, 0.0]
[9, 4, 6, 5, 91.6, 104.2, 474.9, 9.0, 25.3, 39, 0.9, 0.0, 8.0]
[4, 5, 6, 4, 91.6, 100.2, 466.3, 6.3, 22.9, 40, 1.3, 0.0, 2.64]
[7, 6, 6, 1, 93.1, 180.4, 430.8, 11.0, 26.9, 28, 5.4, 0.0, 86.45]
[8, 6, 6, 1, 92.3, 88.8, 440.9, 8.5, 17.1, 67, 3.6, 0.0, 6.57]
[7, 5, 5, 6, 93.1, 180.4, 430.8, 11.0, 22.2, 48, 1.3, 0.0, 0.0]
[6, 4, 5, 6, 90.4, 89.5, 290.8, 6.4, 14.3, 46, 1.8, 0.0, 0.9]
[8, 6, 5, 6, 90.4, 89.5, 290.8, 6.4, 15.4, 45, 2.2, 0.0, 0.0]
[8, 6, 5, 2, 91.2, 147.8, 377.2, 12.7, 19.6, 43, 4.9, 0.0, 0.0]
[6, 5, 5, 5, 53.4, 71.0, 233.8, 0.4, 10.6, 90, 2.7, 0.0, 0.0]
[6, 5, 5, 0, 90.4, 93.3, 298.1, 7.5, 20.7, 25, 4.9, 0.0, 0.0]
[6, 5, 5, 0, 90.4, 93.3, 298.1, 7.5, 19.1, 39, 5.4, 0.0, 3.52]
[3, 6, 5, 4, 91.1, 94.1, 232.1, 7.1, 19.2, 38, 4.5, 0.0, 0.0]
[3, 6, 5, 4, 91.1, 94.1, 232.1, 7.1, 19.2, 38, 4.5, 0.0, 0.0]
[6, 5, 4, 5, 85.1, 28.0, 113.8, 3.5, 11.3, 94, 4.9, 0.0, 0.0]
[1, 4, 8, 6, 89.6, 84.1, 714.3, 5.7, 19.0, 52, 2.2, 0.0, 0.0]
[7, 4, 8, 6, 89.6, 84.1, 714.3, 5.7, 17.1, 53, 5.4, 0.0, 0.41]
[3, 4, 8, 6, 89.6, 84.1, 714.3, 5.7, 23.8, 35, 3.6, 0.0, 5.18]
[2, 4, 8, 6, 92.4, 105.8, 758.1, 9.9, 16.0, 45, 1.8, 0.0, 0.0]
[2, 4, 8, 6, 92.4, 105.8, 758.1, 9.9, 24.9, 27, 2.2, 0.0, 0.0]
[7, 4, 8, 6, 92.4, 105.8, 758.1, 9.9, 25.3, 27, 2.7, 0.0, 0.0]
[6, 3, 8, 6, 92.4, 105.8, 758.1, 9.9, 24.8, 28, 1.8, 0.0, 14.29]
[2, 4, 8, 6, 50.4, 46.2, 706.6, 0.4, 12.2, 78, 6.3, 0.0, 0.0]
[6, 5, 8, 2, 92.6, 115.4, 777.1, 8.8, 24.3, 27, 4.9, 0.0, 0.0]
[4, 4, 8, 2, 92.6, 115.4, 777.1, 8.8, 19.7, 41, 1.8, 0.0, 1.58]
[3, 4, 8, 2, 91.2, 134.7, 817.5, 7.2, 18.5, 30, 2.7, 0.0, 0.0]
[4, 5, 8, 3, 92.4, 96.2, 739.4, 8.6, 18.6, 24, 5.8, 0.0, 0.0]
[4, 4, 8, 3, 92.4, 96.2, 739.4, 8.6, 19.2, 24, 4.9, 0.0, 3.78]
[6, 5, 8, 3, 92.8, 119.0, 783.5, 7.5, 21.6, 27, 2.2, 0.0, 0.0]
[5, 4, 8, 3, 92.8, 119.0, 783.5, 7.5, 21.6, 28, 6.3, 0.0, 4.41]
[6, 3, 8, 3, 92.8, 119.0, 783.5, 7.5, 18.9, 34, 7.2, 0.0, 34.36]
[1, 4, 8, 3, 92.8, 119.0, 783.5, 7.5, 16.8, 28, 4.0, 0.0, 7.21]
[6, 5, 8, 3, 92.8, 119.0, 783.5, 7.5, 16.8, 28, 4.0, 0.0, 1.01]
[3, 5, 8, 3, 90.7, 136.9, 822.8, 6.8, 12.9, 39, 2.7, 0.0, 2.18]
[6, 5, 8, 3, 88.1, 53.3, 726.9, 5.4, 13.7, 56, 1.8, 0.0, 4.42]
[1, 4, 8, 5, 92.2, 102.3, 751.5, 8.4, 24.2, 27, 3.1, 0.0, 0.0]
[5, 4, 8, 5, 92.2, 102.3, 751.5, 8.4, 24.1, 27, 3.1, 0.0, 0.0]
[6, 5, 8, 5, 92.2, 102.3, 751.5, 8.4, 21.2, 32, 2.2, 0.0, 0.0]
[6, 5, 8, 5, 92.2, 102.3, 751.5, 8.4, 19.7, 35, 1.8, 0.0, 0.0]
[4, 3, 8, 5, 92.2, 102.3, 751.5, 8.4, 23.5, 27, 4.0, 0.0, 3.33]
[3, 3, 8, 5, 92.2, 102.3, 751.5, 8.4, 24.2, 27, 3.1, 0.0, 6.58]
[7, 4, 8, 5, 91.2, 124.4, 795.3, 8.5, 21.5, 28, 4.5, 0.0, 15.64]
[4, 4, 8, 5, 91.2, 124.4, 795.3, 8.5, 17.1, 41, 2.2, 0.0, 11.22]
[1, 4, 8, 0, 92.1, 87.7, 721.1, 9.5, 18.1, 54, 3.1, 0.0, 2.13]
[2, 3, 8, 0, 91.6, 108.4, 764.0, 6.2, 18.0, 51, 5.4, 0.0, 0.0]
[4, 3, 8, 0, 91.6, 108.4, 764.0, 6.2, 9.8, 86, 1.8, 0.0, 0.0]
[7, 4, 8, 0, 91.6, 108.4, 764.0, 6.2, 19.3, 44, 2.2, 0.0, 0.0]
[6, 3, 8, 0, 91.6, 108.4, 764.0, 6.2, 23.0, 34, 2.2, 0.0, 56.04]
[8, 6, 8, 0, 91.6, 108.4, 764.0, 6.2, 22.7, 35, 2.2, 0.0, 7.48]
[2, 4, 8, 0, 91.6, 108.4, 764.0, 6.2, 20.4, 41, 1.8, 0.0, 1.47]
[2, 5, 8, 0, 91.6, 108.4, 764.0, 6.2, 19.3, 44, 2.2, 0.0, 3.93]
[8, 6, 8, 0, 91.9, 111.7, 770.3, 6.5, 15.7, 51, 2.2, 0.0, 0.0]
[6, 3, 8, 0, 91.5, 130.1, 807.1, 7.5, 20.6, 37, 1.8, 0.0, 0.0]
[8, 6, 8, 0, 91.5, 130.1, 807.1, 7.5, 15.9, 51, 4.5, 0.0, 2.18]
[6, 3, 8, 0, 91.5, 130.1, 807.1, 7.5, 12.2, 66, 4.9, 0.0, 6.1]
[2, 2, 8, 0, 91.5, 130.1, 807.1, 7.5, 16.8, 43, 3.1, 0.0, 5.83]
[1, 4, 8, 0, 91.5, 130.1, 807.1, 7.5, 21.3, 35, 2.2, 0.0, 28.19]
[5, 4, 8, 4, 92.1, 99.0, 745.3, 9.6, 10.1, 75, 3.6, 0.0, 0.0]
[3, 4, 8, 4, 92.1, 99.0, 745.3, 9.6, 17.4, 57, 4.5, 0.0, 0.0]
[5, 4, 8, 4, 92.1, 99.0, 745.3, 9.6, 12.8, 64, 3.6, 0.0, 1.64]
[5, 4, 8, 4, 92.1, 99.0, 745.3, 9.6, 10.1, 75, 3.6, 0.0, 3.71]
[4, 4, 8, 4, 92.1, 99.0, 745.3, 9.6, 15.4, 53, 6.3, 0.0, 7.31]
[7, 4, 8, 4, 92.1, 99.0, 745.3, 9.6, 20.6, 43, 3.6, 0.0, 2.03]
[7, 4, 8, 4, 92.1, 99.0, 745.3, 9.6, 19.8, 47, 2.7, 0.0, 1.72]
[7, 4, 8, 4, 92.1, 99.0, 745.3, 9.6, 18.7, 50, 2.2, 0.0, 5.97]
[4, 4, 8, 4, 92.1, 99.0, 745.3, 9.6, 20.8, 35, 4.9, 0.0, 13.06]
[4, 4, 8, 4, 92.1, 99.0, 745.3, 9.6, 20.8, 35, 4.9, 0.0, 1.26]
[6, 3, 8, 4, 92.5, 122.0, 789.7, 10.2, 15.9, 55, 3.6, 0.0, 0.0]
[6, 3, 8, 4, 92.5, 122.0, 789.7, 10.2, 19.7, 39, 2.7, 0.0, 0.0]
[1, 4, 8, 4, 92.5, 122.0, 789.7, 10.2, 21.1, 39, 2.2, 0.0, 8.12]
[6, 5, 8, 4, 92.5, 122.0, 789.7, 10.2, 18.4, 42, 2.2, 0.0, 1.09]
[4, 3, 8, 4, 92.5, 122.0, 789.7, 10.2, 17.3, 45, 4.0, 0.0, 3.94]
[7, 4, 8, 4, 88.2, 55.2, 732.3, 11.6, 15.2, 64, 3.1, 0.0, 0.52]
[4, 3, 8, 1, 91.9, 111.7, 770.3, 6.5, 15.9, 53, 2.2, 0.0, 2.93]
[6, 5, 8, 1, 91.9, 111.7, 770.3, 6.5, 21.1, 35, 2.7, 0.0, 5.65]
[6, 5, 8, 1, 91.9, 111.7, 770.3, 6.5, 19.6, 45, 3.1, 0.0, 20.03]
[4, 5, 8, 1, 91.1, 132.3, 812.1, 12.5, 15.9, 38, 5.4, 0.0, 1.75]
[4, 5, 8, 1, 91.1, 132.3, 812.1, 12.5, 16.4, 27, 3.6, 0.0, 0.0]
[6, 5, 8, 5, 91.2, 94.3, 744.4, 8.4, 16.8, 47, 4.9, 0.0, 12.64]
[4, 5, 8, 6, 91.0, 276.3, 825.1, 7.1, 13.8, 77, 7.6, 0.0, 0.0]
[7, 4, 8, 6, 91.0, 276.3, 825.1, 7.1, 13.8, 77, 7.6, 0.0, 11.06]
[3, 4, 6, 2, 91.9, 133.6, 520.5, 8.0, 14.2, 58, 4.0, 0.0, 0.0]
[4, 5, 7, 6, 92.0, 203.2, 664.5, 8.1, 10.4, 75, 0.9, 0.0, 0.0]
[5, 4, 7, 3, 94.8, 222.4, 698.6, 13.9, 20.3, 42, 2.7, 0.0, 0.0]
[6, 5, 8, 4, 90.3, 290.0, 855.3, 7.4, 10.3, 78, 4.0, 0.0, 18.3]
[6, 5, 8, 5, 91.2, 94.3, 744.4, 8.4, 15.4, 57, 4.9, 0.0, 39.35]
[8, 6, 7, 0, 92.1, 207.0, 672.6, 8.2, 21.1, 54, 2.2, 0.0, 0.0]
[2, 2, 7, 5, 93.7, 231.1, 715.1, 8.4, 21.9, 42, 2.2, 0.0, 174.63]
[6, 5, 2, 3, 90.9, 18.9, 30.6, 8.0, 8.7, 51, 5.8, 0.0, 0.0]
[4, 5, 0, 6, 18.7, 1.1, 171.4, 0.0, 5.2, 100, 0.9, 0.0, 0.0]
[5, 4, 6, 2, 93.7, 101.3, 458.8, 11.9, 19.3, 39, 7.2, 0.0, 7.73]
[8, 6, 7, 3, 90.7, 194.1, 643.0, 6.8, 16.2, 63, 2.7, 0.0, 16.33]
[8, 6, 7, 2, 95.2, 217.7, 690.0, 18.0, 28.2, 29, 1.8, 0.0, 5.86]
[9, 6, 7, 3, 91.6, 248.4, 753.8, 6.3, 20.5, 58, 2.7, 0.0, 42.87]
[8, 4, 7, 5, 91.6, 273.8, 819.1, 7.7, 21.3, 44, 4.5, 0.0, 12.18]
[2, 4, 7, 6, 91.6, 181.3, 613.0, 7.6, 20.9, 50, 2.2, 0.0, 16.0]
[3, 4, 8, 6, 90.5, 96.7, 750.5, 11.4, 20.6, 55, 5.4, 0.0, 24.59]
[5, 5, 2, 3, 90.9, 18.9, 30.6, 8.0, 11.6, 48, 5.4, 0.0, 0.0]
[6, 4, 7, 4, 94.8, 227.0, 706.7, 12.0, 23.3, 34, 3.1, 0.0, 28.74]
[7, 4, 7, 4, 94.8, 227.0, 706.7, 12.0, 23.3, 34, 3.1, 0.0, 0.0]
[7, 4, 1, 0, 84.7, 9.5, 58.3, 4.1, 7.5, 71, 6.3, 0.0, 9.96]
[8, 6, 8, 4, 91.1, 91.3, 738.1, 7.2, 20.7, 46, 2.7, 0.0, 30.18]
[1, 3, 8, 6, 91.0, 276.3, 825.1, 7.1, 21.9, 43, 4.0, 0.0, 70.76]
[2, 4, 2, 1, 93.4, 15.0, 25.6, 11.4, 15.2, 19, 7.6, 0.0, 0.0]
[6, 5, 1, 0, 84.1, 4.6, 46.7, 2.2, 5.3, 68, 1.8, 0.0, 0.0]
[4, 5, 1, 6, 85.0, 9.0, 56.9, 3.5, 10.1, 62, 1.8, 0.0, 51.78]
[4, 3, 8, 6, 90.5, 96.7, 750.5, 11.4, 20.4, 55, 4.9, 0.0, 3.64]
[5, 6, 7, 6, 91.6, 181.3, 613.0, 7.6, 24.3, 33, 3.6, 0.0, 3.63]
[1, 2, 7, 5, 93.7, 231.1, 715.1, 8.4, 25.9, 32, 3.1, 0.0, 0.0]
[9, 5, 5, 2, 93.3, 49.5, 297.7, 14.0, 28.0, 34, 4.5, 0.0, 0.0]
[9, 5, 5, 2, 93.3, 49.5, 297.7, 14.0, 28.0, 34, 4.5, 0.0, 8.16]
[3, 4, 8, 3, 91.1, 88.2, 731.7, 8.3, 22.8, 46, 4.0, 0.0, 4.95]
[9, 9, 7, 4, 94.8, 227.0, 706.7, 12.0, 25.0, 36, 4.0, 0.0, 0.0]
[8, 6, 7, 3, 90.7, 194.1, 643.0, 6.8, 21.3, 41, 3.6, 0.0, 0.0]
[2, 4, 8, 2, 87.9, 84.8, 725.1, 3.7, 21.8, 34, 2.2, 0.0, 6.04]
[2, 2, 7, 1, 94.6, 212.1, 680.9, 9.5, 27.9, 27, 2.2, 0.0, 0.0]
[6, 5, 8, 5, 87.1, 291.3, 860.6, 4.0, 17.0, 67, 4.9, 0.0, 3.95]
[4, 5, 1, 5, 84.7, 8.2, 55.0, 2.9, 14.2, 46, 4.0, 0.0, 0.0]
[4, 3, 8, 4, 90.3, 290.0, 855.3, 7.4, 19.9, 44, 3.1, 0.0, 7.8]
[1, 4, 6, 1, 92.3, 96.2, 450.2, 12.1, 23.4, 31, 5.4, 0.0, 0.0]
[6, 3, 1, 4, 84.1, 7.3, 52.8, 2.7, 14.7, 42, 2.7, 0.0, 0.0]
[7, 4, 1, 4, 84.6, 3.2, 43.6, 3.3, 8.2, 53, 9.4, 0.0, 4.62]
[9, 4, 6, 0, 92.3, 92.1, 442.1, 9.8, 22.8, 27, 4.5, 0.0, 1.63]
[7, 5, 7, 5, 93.7, 231.1, 715.1, 8.4, 26.4, 33, 3.6, 0.0, 0.0]
[5, 4, 7, 6, 93.6, 235.1, 723.1, 10.1, 24.1, 50, 4.0, 0.0, 0.0]
[8, 6, 7, 3, 94.8, 222.4, 698.6, 13.9, 27.5, 27, 4.9, 0.0, 746.28]
[6, 3, 6, 1, 92.7, 164.1, 575.8, 8.9, 26.3, 39, 3.1, 0.0, 7.02]
[6, 5, 2, 2, 93.4, 17.3, 28.3, 9.9, 13.8, 24, 5.8, 0.0, 0.0]
[2, 4, 7, 6, 92.0, 203.2, 664.5, 8.1, 24.9, 42, 5.4, 0.0, 2.44]
[2, 5, 7, 6, 91.6, 181.3, 613.0, 7.6, 24.8, 36, 4.0, 0.0, 3.05]
[8, 8, 7, 2, 91.7, 191.4, 635.9, 7.8, 26.2, 36, 4.5, 0.0, 185.76]
[2, 4, 7, 2, 95.2, 217.7, 690.0, 18.0, 30.8, 19, 4.5, 0.0, 0.0]
[8, 6, 6, 6, 88.9, 263.1, 795.9, 5.2, 29.3, 27, 3.6, 0.0, 6.3]
[1, 3, 8, 5, 91.2, 94.3, 744.4, 8.4, 22.3, 48, 4.0, 0.0, 0.72]
[8, 6, 7, 5, 93.7, 231.1, 715.1, 8.4, 26.9, 31, 3.6, 0.0, 4.96]
[2, 2, 7, 3, 91.6, 248.4, 753.8, 6.3, 20.4, 56, 2.2, 0.0, 0.0]
[8, 6, 7, 3, 91.6, 248.4, 753.8, 6.3, 20.4, 56, 2.2, 0.0, 0.0]
[2, 4, 7, 0, 92.1, 207.0, 672.6, 8.2, 27.9, 33, 2.2, 0.0, 2.35]
[1, 3, 7, 3, 94.8, 222.4, 698.6, 13.9, 26.2, 34, 5.8, 0.0, 0.0]
[3, 4, 7, 6, 91.6, 181.3, 613.0, 7.6, 24.6, 44, 4.0, 0.0, 3.2]
[7, 4, 8, 3, 89.7, 287.2, 849.3, 6.8, 19.4, 45, 3.6, 0.0, 0.0]
[1, 3, 7, 5, 92.1, 178.0, 605.3, 9.6, 23.3, 40, 4.0, 0.0, 6.36]
[8, 6, 7, 3, 94.8, 222.4, 698.6, 13.9, 23.9, 38, 6.7, 0.0, 0.0]
[2, 4, 7, 6, 93.6, 235.1, 723.1, 10.1, 20.9, 66, 4.9, 0.0, 15.34]
[1, 4, 7, 4, 90.6, 269.8, 811.2, 5.5, 22.2, 45, 3.6, 0.0, 0.0]
[2, 5, 6, 5, 90.8, 84.7, 376.6, 5.6, 23.8, 51, 1.8, 0.0, 0.0]
[8, 6, 7, 0, 92.1, 207.0, 672.6, 8.2, 26.8, 35, 1.3, 0.0, 0.54]
[8, 6, 7, 5, 89.4, 253.6, 768.4, 9.7, 14.2, 73, 2.7, 0.0, 0.0]
[2, 5, 7, 5, 93.7, 231.1, 715.1, 8.4, 23.6, 53, 4.0, 0.0, 6.43]
[1, 3, 8, 4, 91.1, 91.3, 738.1, 7.2, 19.1, 46, 2.2, 0.0, 0.33]
[5, 4, 8, 4, 90.3, 290.0, 855.3, 7.4, 16.2, 58, 3.6, 0.0, 0.0]
[8, 6, 7, 0, 92.1, 207.0, 672.6, 8.2, 25.5, 29, 1.8, 0.0, 1.23]
[6, 5, 3, 0, 87.9, 24.9, 41.6, 3.7, 10.9, 64, 3.1, 0.0, 3.35]
[1, 2, 6, 4, 90.7, 80.9, 368.3, 16.8, 14.8, 78, 8.0, 0.0, 0.0]
[2, 5, 8, 4, 90.3, 290.0, 855.3, 7.4, 16.2, 58, 3.6, 0.0, 9.96]
[5, 5, 7, 6, 94.0, 47.9, 100.7, 10.7, 17.3, 80, 4.5, 0.0, 0.0]
[6, 5, 7, 6, 92.0, 203.2, 664.5, 8.1, 19.1, 70, 2.2, 0.0, 0.0]
[3, 4, 2, 2, 93.4, 17.3, 28.3, 9.9, 8.9, 35, 8.0, 0.0, 0.0]
[7, 4, 8, 2, 89.7, 284.9, 844.0, 10.1, 10.5, 77, 4.0, 0.0, 0.0]
[7, 4, 7, 6, 91.6, 181.3, 613.0, 7.6, 19.3, 61, 4.9, 0.0, 0.0]
[4, 5, 7, 2, 95.2, 217.7, 690.0, 18.0, 23.4, 49, 5.4, 0.0, 6.43]
[1, 4, 7, 4, 90.5, 196.8, 649.9, 16.3, 11.8, 88, 4.9, 0.0, 9.71]
[7, 4, 7, 0, 91.5, 238.2, 730.6, 7.5, 17.7, 65, 4.0, 0.0, 0.0]
[4, 5, 7, 3, 89.4, 266.2, 803.3, 5.6, 17.4, 54, 3.1, 0.0, 0.0]
[3, 4, 7, 3, 91.6, 248.4, 753.8, 6.3, 16.8, 56, 3.1, 0.0, 0.0]
[3, 4, 6, 0, 94.6, 160.0, 567.2, 16.7, 17.9, 48, 2.7, 0.0, 0.0]
[2, 4, 7, 3, 91.6, 248.4, 753.8, 6.3, 16.6, 59, 2.7, 0.0, 0.0]
[1, 4, 7, 2, 91.7, 191.4, 635.9, 7.8, 19.9, 50, 4.0, 0.0, 82.75]
[8, 6, 7, 5, 93.7, 231.1, 715.1, 8.4, 18.9, 64, 4.9, 0.0, 3.32]
[7, 4, 7, 5, 91.6, 273.8, 819.1, 7.7, 15.5, 72, 8.0, 0.0, 1.94]
[2, 5, 7, 5, 93.7, 231.1, 715.1, 8.4, 18.9, 64, 4.9, 0.0, 0.0]
[8, 6, 7, 5, 93.7, 231.1, 715.1, 8.4, 18.9, 64, 4.9, 0.0, 0.0]
[1, 4, 8, 6, 91.0, 276.3, 825.1, 7.1, 14.5, 76, 7.6, 0.0, 3.71]
[6, 5, 1, 1, 75.1, 4.4, 16.2, 1.9, 4.6, 82, 6.3, 0.0, 5.39]
[6, 4, 1, 1, 75.1, 4.4, 16.2, 1.9, 5.1, 77, 5.4, 0.0, 2.14]
[2, 2, 1, 5, 79.5, 3.6, 15.3, 1.8, 4.6, 59, 0.9, 0.0, 6.84]
[6, 5, 2, 0, 87.2, 15.1, 36.9, 7.1, 10.2, 45, 5.8, 0.0, 3.18]
[3, 4, 2, 2, 90.2, 18.5, 41.1, 7.3, 11.2, 41, 5.4, 0.0, 5.55]
[6, 5, 2, 3, 91.3, 20.6, 43.5, 8.5, 13.3, 27, 3.6, 0.0, 6.61]
[6, 3, 3, 6, 91.0, 14.6, 25.6, 12.3, 13.7, 33, 9.4, 0.0, 61.13]
[5, 4, 3, 6, 91.0, 14.6, 25.6, 12.3, 17.6, 27, 5.8, 0.0, 0.0]
[4, 3, 4, 4, 89.6, 25.4, 73.7, 5.7, 18.0, 40, 4.0, 0.0, 38.48]
[8, 3, 5, 0, 88.2, 96.2, 229.0, 4.7, 14.3, 79, 4.0, 0.0, 1.94]
[9, 4, 5, 5, 90.5, 61.1, 252.6, 9.4, 24.5, 50, 3.1, 0.0, 70.32]
[4, 3, 5, 3, 93.0, 103.8, 316.7, 10.8, 26.4, 35, 2.7, 0.0, 10.08]
[2, 5, 5, 3, 93.7, 121.7, 350.2, 18.0, 22.7, 40, 9.4, 0.0, 3.19]
[4, 3, 6, 3, 93.5, 85.3, 395.0, 9.9, 27.2, 28, 1.3, 0.0, 1.76]
[4, 3, 6, 6, 93.7, 101.3, 423.4, 14.7, 26.1, 45, 4.0, 0.0, 7.36]
[7, 4, 6, 6, 93.7, 101.3, 423.4, 14.7, 18.2, 82, 4.5, 0.0, 2.21]
[7, 4, 6, 0, 89.2, 103.9, 431.6, 6.4, 22.6, 57, 4.9, 0.0, 278.53]
[9, 9, 6, 3, 93.2, 114.4, 560.0, 9.5, 30.2, 25, 4.5, 0.0, 2.75]
[4, 3, 6, 3, 93.2, 114.4, 560.0, 9.5, 30.2, 22, 4.9, 0.0, 0.0]
[3, 4, 7, 6, 94.9, 130.3, 587.1, 14.1, 23.4, 40, 5.8, 0.0, 1.29]
[8, 6, 7, 6, 94.9, 130.3, 587.1, 14.1, 31.0, 27, 5.4, 0.0, 0.0]
[2, 5, 7, 6, 94.9, 130.3, 587.1, 14.1, 33.1, 25, 4.0, 0.0, 26.43]
[2, 4, 7, 0, 95.0, 135.5, 596.3, 21.3, 30.6, 28, 3.6, 0.0, 2.07]
[5, 4, 7, 1, 95.1, 141.3, 605.8, 17.7, 24.1, 43, 6.3, 0.0, 2.0]
[5, 4, 7, 1, 95.1, 141.3, 605.8, 17.7, 26.4, 34, 3.6, 0.0, 16.4]
[4, 4, 7, 1, 95.1, 141.3, 605.8, 17.7, 19.4, 71, 7.6, 0.0, 46.7]
[4, 4, 7, 2, 95.1, 141.3, 605.8, 17.7, 20.6, 58, 1.3, 0.0, 0.0]
[4, 4, 7, 2, 95.1, 141.3, 605.8, 17.7, 28.7, 33, 4.0, 0.0, 0.0]
[4, 4, 7, 3, 95.8, 152.0, 624.1, 13.8, 32.4, 21, 4.5, 0.0, 0.0]
[1, 3, 7, 4, 95.9, 158.0, 633.6, 11.3, 32.4, 27, 2.2, 0.0, 0.0]
[1, 3, 7, 4, 95.9, 158.0, 633.6, 11.3, 27.5, 29, 4.5, 0.0, 43.32]
[6, 6, 7, 5, 96.0, 164.0, 643.0, 14.0, 30.8, 30, 4.9, 0.0, 8.59]
[6, 6, 7, 0, 96.2, 175.5, 661.8, 16.8, 23.9, 42, 2.2, 0.0, 0.0]
[4, 5, 7, 0, 96.2, 175.5, 661.8, 16.8, 32.6, 26, 3.1, 0.0, 2.77]
[3, 4, 7, 1, 96.1, 181.1, 671.2, 14.3, 32.3, 27, 2.2, 0.0, 14.68]
[6, 5, 7, 1, 96.1, 181.1, 671.2, 14.3, 33.3, 26, 2.7, 0.0, 40.54]
[7, 5, 7, 1, 96.1, 181.1, 671.2, 14.3, 27.3, 63, 4.9, 6.4, 10.82]
[8, 6, 7, 1, 96.1, 181.1, 671.2, 14.3, 21.6, 65, 4.9, 0.8, 0.0]
[7, 5, 7, 1, 96.1, 181.1, 671.2, 14.3, 21.6, 65, 4.9, 0.8, 0.0]
[4, 4, 7, 1, 96.1, 181.1, 671.2, 14.3, 20.7, 69, 4.9, 0.4, 0.0]
[2, 4, 7, 2, 94.5, 139.4, 689.1, 20.0, 29.2, 30, 4.9, 0.0, 1.95]
[4, 3, 7, 2, 94.5, 139.4, 689.1, 20.0, 28.9, 29, 4.9, 0.0, 49.59]
[1, 2, 7, 3, 91.0, 163.2, 744.4, 10.1, 26.7, 35, 1.8, 0.0, 5.8]
[1, 2, 7, 4, 91.0, 166.9, 752.6, 7.1, 18.5, 73, 8.5, 0.0, 0.0]
[2, 4, 7, 4, 91.0, 166.9, 752.6, 7.1, 25.9, 41, 3.6, 0.0, 0.0]
[1, 2, 7, 4, 91.0, 166.9, 752.6, 7.1, 25.9, 41, 3.6, 0.0, 0.0]
[5, 4, 7, 4, 91.0, 166.9, 752.6, 7.1, 21.1, 71, 7.6, 1.4, 2.17]
[6, 5, 7, 4, 91.0, 166.9, 752.6, 7.1, 18.2, 62, 5.4, 0.0, 0.43]
[8, 6, 7, 6, 81.6, 56.7, 665.6, 1.9, 27.8, 35, 2.7, 0.0, 0.0]
[4, 3, 7, 6, 81.6, 56.7, 665.6, 1.9, 27.8, 32, 2.7, 0.0, 6.44]
[2, 4, 7, 6, 81.6, 56.7, 665.6, 1.9, 21.9, 71, 5.8, 0.0, 54.29]
[7, 4, 7, 6, 81.6, 56.7, 665.6, 1.9, 21.2, 70, 6.7, 0.0, 11.16]
[1, 4, 7, 5, 94.4, 146.0, 614.7, 11.3, 25.6, 42, 4.0, 0.0, 0.0]
[6, 3, 10, 1, 79.5, 3.0, 106.7, 1.1, 11.8, 31, 4.5, 0.0, 0.0]
2021-11-22 14:35:38 INFO  Nd4jBackend:386 - Loaded [CpuBackend] backend
2021-11-22 14:35:42 INFO  NativeOpsHolder:386 - Number of threads used for linear algebra: 4
2021-11-22 14:35:42 INFO  CpuNDArrayFactory:382 - Binary level Generic x86 optimization level AVX/AVX2
2021-11-22 14:35:42 INFO  Nd4jBlas:386 - Number of threads used for OpenMP BLAS: 4
2021-11-22 14:35:42 INFO  DefaultOpExecutioner:393 - Backend used: [CPU]; OS: [Windows 10]
2021-11-22 14:35:42 INFO  DefaultOpExecutioner:393 - Cores: [8]; Memory: [2.6GB];
2021-11-22 14:35:42 INFO  DefaultOpExecutioner:386 - Blas vendor: [OPENBLAS]
2021-11-22 14:35:42 INFO  CpuBackend:386 - Backend build information:
 GCC: "10.3.0"
STD version: 201103L
DEFAULT_ENGINE: samediff::ENGINE_CPU
HAVE_FLATBUFFERS
HAVE_OPENBLAS
2021-11-22 14:35:42 INFO  MultiLayerNetwork:403 - Starting MultiLayerNetwork with WorkspaceModes set to [training: ENABLED; inference: ENABLED], cacheMode set to [NONE]
Nov 22, 2021 2:35:47 PM io.vertx.core.impl.BlockedThreadChecker
WARNING: Thread Thread[vert.x-eventloop-thread-0,5,main]=Thread[vert.x-eventloop-thread-0,5,main] has been blocked for 2911 ms, time limit is 2000 ms
2021-11-22 14:35:47 INFO  VertxUIServer:386 - Deeplearning4j UI server started at: http://localhost:9000
2021-11-22 14:35:47 INFO  VertxUIServer:386 - StatsStorage instance attached to UI: InMemoryStatsStorage(uid=02112c92)
Epoch: 0
2021-11-22 14:35:47 INFO  ScoreIterationListener:393 - Score at iteration 0 is 3150.140380859375
2021-11-22 14:35:49 INFO  ScoreIterationListener:393 - Score at iteration 100 is 2583.693115234375
2021-11-22 14:35:51 INFO  ScoreIterationListener:393 - Score at iteration 200 is 966.53759765625
2021-11-22 14:35:51 INFO  ScoreIterationListener:393 - Score at iteration 300 is 102.98226928710938
2021-11-22 14:35:52 INFO  ScoreIterationListener:393 - Score at iteration 400 is 57.88277816772461
2021-11-22 14:35:53 INFO  ScoreIterationListener:393 - Score at iteration 500 is 46.530364990234375
2021-11-22 14:35:54 INFO  ScoreIterationListener:393 - Score at iteration 600 is 40.2972412109375
2021-11-22 14:35:56 INFO  ScoreIterationListener:393 - Score at iteration 700 is 33.88010787963867
2021-11-22 14:35:57 INFO  ScoreIterationListener:393 - Score at iteration 800 is 27.641401290893555
2021-11-22 14:35:58 INFO  ScoreIterationListener:393 - Score at iteration 900 is 21.737625122070312
2021-11-22 14:36:00 INFO  ScoreIterationListener:393 - Score at iteration 1000 is 16.44923210144043
2021-11-22 14:36:01 INFO  ScoreIterationListener:393 - Score at iteration 1100 is 12.170111656188965
2021-11-22 14:36:02 INFO  ScoreIterationListener:393 - Score at iteration 1200 is 8.726349830627441
2021-11-22 14:36:03 INFO  ScoreIterationListener:393 - Score at iteration 1300 is 6.350301265716553
2021-11-22 14:36:04 INFO  ScoreIterationListener:393 - Score at iteration 1400 is 4.318167686462402
2021-11-22 14:36:05 INFO  ScoreIterationListener:393 - Score at iteration 1500 is 3.003185272216797
2021-11-22 14:36:06 INFO  ScoreIterationListener:393 - Score at iteration 1600 is 2.1688034534454346
2021-11-22 14:36:07 INFO  ScoreIterationListener:393 - Score at iteration 1700 is 1.6146475076675415
2021-11-22 14:36:07 INFO  ScoreIterationListener:393 - Score at iteration 1800 is 1.2496695518493652
2021-11-22 14:36:08 INFO  ScoreIterationListener:393 - Score at iteration 1900 is 1.2507233619689941
Epoch: 1000
2021-11-22 14:36:09 INFO  ScoreIterationListener:393 - Score at iteration 2000 is 0.8746433854103088
2021-11-22 14:36:10 INFO  ScoreIterationListener:393 - Score at iteration 2100 is 1.2334235906600952
2021-11-22 14:36:11 INFO  ScoreIterationListener:393 - Score at iteration 2200 is 0.7059586644172668
2021-11-22 14:36:12 INFO  ScoreIterationListener:393 - Score at iteration 2300 is 0.6500692963600159
2021-11-22 14:36:13 INFO  ScoreIterationListener:393 - Score at iteration 2400 is 0.7959052324295044
2021-11-22 14:36:14 INFO  ScoreIterationListener:393 - Score at iteration 2500 is 0.5837517976760864
2021-11-22 14:36:16 INFO  ScoreIterationListener:393 - Score at iteration 2600 is 0.6123437285423279
2021-11-22 14:36:18 INFO  ScoreIterationListener:393 - Score at iteration 2700 is 0.6118035316467285
2021-11-22 14:36:20 INFO  ScoreIterationListener:393 - Score at iteration 2800 is 0.5384934544563293
2021-11-22 14:36:22 INFO  ScoreIterationListener:393 - Score at iteration 2900 is 0.5630269050598145
2021-11-22 14:36:23 INFO  ScoreIterationListener:393 - Score at iteration 3000 is 6.390656471252441
2021-11-22 14:36:24 INFO  ScoreIterationListener:393 - Score at iteration 3100 is 0.5278260707855225
2021-11-22 14:36:25 INFO  ScoreIterationListener:393 - Score at iteration 3200 is 0.521304190158844
2021-11-22 14:36:26 INFO  ScoreIterationListener:393 - Score at iteration 3300 is 0.5184932351112366
2021-11-22 14:36:26 INFO  ScoreIterationListener:393 - Score at iteration 3400 is 0.5164999961853027
2021-11-22 14:36:27 INFO  ScoreIterationListener:393 - Score at iteration 3500 is 0.5151194334030151
2021-11-22 14:36:28 INFO  ScoreIterationListener:393 - Score at iteration 3600 is 0.514237105846405
2021-11-22 14:36:29 INFO  ScoreIterationListener:393 - Score at iteration 3700 is 0.5264834761619568
2021-11-22 14:36:30 INFO  ScoreIterationListener:393 - Score at iteration 3800 is 0.7889853715896606
2021-11-22 14:36:31 INFO  ScoreIterationListener:393 - Score at iteration 3900 is 0.558584451675415
Column    MSE            MAE            RMSE           RSE            PC             R^2            
col_0     8.91750e+03    2.54329e+01    9.44325e+01    1.08658e+00    4.04337e-02    -8.65774e-02   


Target shape: Rank: 2, DataType: FLOAT, Offset: 0, Order: f, Shape: [155,1],  Stride: [1,1]

Predictions shape: Rank: 2, DataType: FLOAT, Offset: 0, Order: c, Shape: [155,1],  Stride: [1,1]

Target 			 Predicted
[0]		[-2.9600]
[0]		[-0.0031]
[0]		[-1.8886]
[0]		[-4.6834]
[1.3800]		[-7.6663]
[8.8500]		[-14.8065]
[0]		[3.3528]
[0]		[51.0527]
[0]		[-1.6125]
[4.8800]		[1.8261]
[5.8300]		[5.4102]
[5.8600]		[2.5226]
[1.6300]		[-6.5753]
[70.7600]		[64.6164]
[0]		[-3.7466]
[0]		[1.3920]
[0]		[2.2356]
[49.3700]		[-0.9891]
[58.3000]		[10.5518]
[0]		[11.4833]
[0]		[19.7164]
[0.5400]		[5.9994]
[0.9000]		[-1.8706]
[2.7700]		[-22.2258]
[4.4100]		[3.6152]
[1.6100]		[1.5567]
[0]		[-1.6835]
[8.1600]		[29.0562]
[8.1200]		[10.7482]
[0]		[10.8738]
[39.3500]		[12.6052]
[6.6100]		[7.1649]
[31.8600]		[0.6405]
[0]		[61.0940]
[27.3500]		[16.6431]
[0]		[8.0872]
[7.3100]		[3.6740]
[6.4300]		[11.6072]
[0]		[7.1353]
[0]		[6.0981]
[4.5300]		[6.4038]
[0]		[2.2159]
[0]		[3.4722]
[103.3900]		[1.8547]
[1.7200]		[3.6904]
[0]		[3.1790]
[0]		[12.6602]
[1.2900]		[-3.1746]
[1.6900]		[-0.0169]
[2.8700]		[-2.9795]
[0]		[-2.5353]
[0]		[15.5161]
[2.5500]		[15.3156]
[0]		[0.0916]
[2.1400]		[21.2015]
[0.2100]		[-2.9275]
[14.6800]		[-10.1466]
[1.0900]		[8.4007]
[0]		[9.7757]
[2.0300]		[1.3783]
[0]		[13.9568]
[0]		[1.3242]
[0]		[-8.1388]
[6.1000]		[2.0913]
[14.2900]		[-9.5057]
[3.1800]		[-7.1746]
[0]		[1.9717]
[0]		[26.3375]
[0]		[0.9332]
[9.2700]		[50.3122]
[212.8800]		[10.3761]
[0.9500]		[6.0663]
[3.2000]		[-8.2107]
[0]		[12.2003]
[42.8700]		[-1.0046]
[0]		[-3.5348]
[0]		[29.0562]
[1090.8400]		[18.9361]
[10.0200]		[8.1034]
[0]		[27.7988]
[8.6800]		[11.7306]
[15.4500]		[23.6448]
[0]		[10.5758]
[37.7100]		[-2.5175]
[0]		[-0.9312]
[1.4300]		[5.2350]
[0]		[-11.0873]
[2.2100]		[2.8255]
[0]		[3.3193]
[0]		[8.4924]
[20.0300]		[-0.5483]
[0]		[-2.3067]
[24.7700]		[17.6996]
[8.5900]		[173.4049]
[3.5200]		[0.1214]
[2.7400]		[98.3500]
[0]		[-1.6811]
[0]		[-2.6803]
[0]		[-7.5945]
[6.4300]		[-1.3065]
[7.3000]		[1.9324]
[13.9900]		[11.6164]
[5.5500]		[1.2657]
[0]		[-2.3454]
[2.3500]		[106.8094]
[2.1400]		[42.8404]
[0]		[-16.8133]
[28.1900]		[2.1938]
[1.2300]		[5.9851]
[26.4300]		[18.9789]
[1.9500]		[15.7779]
[2.0100]		[29.5360]
[0]		[-0.8818]
[0]		[19.6607]
[0]		[20.6621]
[22.0300]		[13.8739]
[0]		[-6.4725]
[0]		[14.1232]
[0]		[1.0707]
[0]		[45.9063]
[0]		[-12.4265]
[0]		[-14.9132]
[38.4800]		[9.6559]
[200.9400]		[58.6300]
[37.0200]		[-5.2678]
[5.3300]		[11.7427]
[2.4700]		[2.3485]
[0]		[2.4466]
[0]		[-1.1483]
[0]		[13.2863]
[3.1900]		[2.1823]
[3.5000]		[-5.9032]
[0]		[3.6039]
[1.6300]		[15.2638]
[16.0000]		[7.3177]
[2.4400]		[-8.0564]
[0]		[45.5913]
[11.5300]		[8.6531]
[0]		[0.7569]
[0]		[16.6945]
[0]		[57.6027]
[1.9400]		[253.7574]
[1.5600]		[10.8985]
[0]		[58.9283]
[0]		[-1.2571]
[0]		[7.4553]
[16.3300]		[0.6335]
[34.3600]		[14.2557]
[0]		[-1.4396]
[11.2400]		[11.5046]
[1.5200]		[3.2865]
[0]		[7.2098]
[8.9800]		[48.3677]
[24.2400]		[0.4669]
[5.3800]		[35.4231]

Process finished with exit code -1
