"C:\Program Files\Java\jdk1.8.0_291\bin\java.exe" "-javaagent:C:\Program Files\JetBrains\IntelliJ IDEA Community Edition 2021.1.1\lib\idea_rt.jar=49813:C:\Program Files\JetBrains\IntelliJ IDEA Community Edition 2021.1.1\bin" -Dfile.encoding=UTF-8 -classpath C:\Users\harrizazham98\AppData\Local\Temp\classpath95654607.jar ai.certifai.solution.EXERCISE.forest.DataScienceonForest
11
2021-12-01 14:27:30 INFO  BaseAllocator:382 - Debug mode disabled.
2021-12-01 14:27:30 INFO  DefaultAllocationManagerOption:382 - allocation manager type not specified, using netty as the default type
2021-12-01 14:27:30 INFO  CheckAllocator:386 - Using DefaultAllocationManager at memory-unsafe/4.0.0/arrow-memory-unsafe-4.0.0.jar!/org/apache/arrow/memory/DefaultAllocationManagerFactory.class
516
[10, 2, 90.6, 669.1, 18.0, 33, 0.9, 0.0, 8.062257748]
[10, 6, 90.6, 686.9, 14.6, 33, 1.3, 0.0, 8.062257748]
[3, 5, 91.7, 77.5, 8.3, 97, 4.0, 0.0, 10.0]
[3, 7, 89.3, 102.2, 11.4, 99, 1.8, 0.0, 10.0]
[8, 7, 92.3, 488.0, 22.2, 29, 5.4, 0.0, 10.0]
[8, 1, 92.3, 495.6, 24.1, 27, 3.1, 0.0, 10.0]
[8, 1, 91.5, 608.2, 8.0, 86, 2.2, 0.0, 10.0]
[9, 2, 91.0, 692.6, 13.1, 63, 5.4, 0.0, 10.0]
[9, 6, 92.5, 698.6, 22.8, 40, 4.0, 0.0, 8.602325267]
[9, 6, 92.5, 698.6, 17.8, 51, 7.2, 0.0, 8.602325267]
[9, 6, 92.8, 713.0, 19.3, 38, 4.0, 0.0, 8.602325267]
[8, 5, 63.5, 665.3, 17.0, 72, 6.7, 0.0, 7.810249676]
[9, 1, 90.9, 686.5, 21.3, 42, 2.2, 0.0, 7.810249676]
[9, 3, 92.9, 699.6, 26.4, 21, 4.5, 0.0, 7.810249676]
[9, 5, 93.3, 713.9, 22.9, 44, 5.4, 0.0, 7.810249676]
[3, 6, 91.7, 80.8, 15.1, 27, 5.4, 0.0, 7.071067812]
[10, 1, 84.9, 664.2, 16.7, 47, 4.9, 0.0, 9.433981132]
[3, 3, 89.2, 70.8, 15.9, 35, 4.0, 0.0, 7.211102551]
[4, 6, 86.3, 97.1, 9.3, 44, 4.5, 0.0, 7.211102551]
[9, 2, 91.0, 692.6, 18.3, 40, 2.7, 0.0, 7.211102551]
[9, 1, 91.8, 724.3, 19.1, 38, 2.7, 0.0, 6.403124237]
[6, 7, 94.3, 200.0, 21.0, 44, 4.5, 0.0, 8.062257748]
[8, 6, 90.2, 537.4, 19.5, 43, 5.8, 0.0, 8.062257748]
[8, 6, 93.5, 594.2, 23.7, 32, 5.8, 0.0, 8.062257748]
[8, 7, 91.4, 601.4, 16.3, 60, 5.4, 0.0, 8.062257748]
[9, 5, 92.4, 668.0, 19.0, 34, 5.8, 0.0, 8.062257748]
[9, 1, 90.9, 686.5, 19.4, 48, 1.3, 0.0, 8.062257748]
[9, 6, 93.4, 721.4, 30.2, 24, 2.7, 0.0, 6.708203932]
[9, 7, 93.5, 728.6, 22.8, 39, 3.6, 0.0, 6.708203932]
[9, 5, 94.3, 692.3, 25.4, 24, 3.6, 0.0, 6.708203932]
[9, 1, 88.6, 709.9, 11.2, 78, 7.6, 0.0, 6.708203932]
[9, 5, 88.6, 706.8, 20.6, 37, 1.8, 0.0, 6.708203932]
[9, 7, 91.7, 718.3, 17.7, 39, 3.6, 0.0, 6.708203932]
[9, 1, 91.8, 724.3, 21.2, 32, 2.7, 0.0, 6.708203932]
[9, 2, 90.3, 730.2, 18.2, 62, 4.5, 0.0, 6.708203932]
[10, 2, 90.6, 669.1, 21.7, 24, 4.5, 0.0, 6.708203932]
[10, 5, 90.0, 682.6, 11.3, 60, 5.4, 0.0, 8.062257748]
[10, 6, 90.6, 686.9, 17.8, 27, 4.0, 0.0, 7.615773106]
[3, 2, 88.1, 67.6, 14.1, 43, 2.7, 0.0, 5.656854249]
[7, 2, 79.5, 366.7, 23.3, 37, 3.1, 0.0, 5.656854249]
[8, 6, 90.2, 624.2, 18.4, 42, 6.7, 0.0, 5.656854249]
[8, 2, 94.8, 647.1, 16.6, 54, 5.4, 0.0, 5.656854249]
[9, 6, 92.5, 698.6, 19.6, 48, 2.7, 0.0, 5.656854249]
[9, 3, 90.1, 735.7, 12.9, 74, 4.9, 0.0, 5.656854249]
[9, 3, 94.3, 692.3, 25.9, 24, 4.0, 0.0, 7.810249676]
[9, 1, 90.9, 686.5, 14.7, 70, 3.6, 0.0, 7.810249676]
[7, 1, 94.2, 442.9, 23.0, 36, 3.1, 0.0, 8.485281374]
[3, 1, 87.2, 64.7, 11.8, 35, 1.8, 0.0, 5.656854249]
[3, 1, 87.6, 103.8, 11.0, 46, 5.8, 0.0, 5.656854249]
[9, 4, 92.9, 706.4, 20.8, 17, 1.3, 0.0, 5.656854249]
[8, 7, 90.2, 631.2, 21.5, 34, 2.2, 0.0, 5.0]
[8, 3, 92.1, 654.1, 20.4, 42, 4.9, 0.0, 5.0]
[8, 3, 92.1, 654.1, 20.4, 42, 4.9, 0.0, 5.0]
[8, 4, 91.7, 661.3, 17.6, 45, 3.6, 0.0, 5.0]
[9, 4, 92.9, 706.4, 27.7, 24, 2.2, 0.0, 5.0]
[9, 2, 90.3, 730.2, 17.8, 63, 4.9, 0.0, 5.0]
[10, 7, 92.6, 691.8, 13.8, 50, 2.7, 0.0, 5.0]
[2, 1, 84.0, 34.0, 13.9, 40, 5.4, 0.0, 2.828427125]
[2, 5, 86.6, 43.0, 12.3, 51, 0.9, 0.0, 2.828427125]
[3, 7, 89.3, 102.2, 11.5, 39, 5.8, 0.0, 2.828427125]
[3, 7, 89.3, 102.2, 5.5, 59, 6.3, 0.0, 2.828427125]
[8, 4, 93.0, 466.6, 18.8, 35, 4.9, 0.0, 2.828427125]
[8, 7, 90.2, 631.2, 20.8, 33, 2.7, 0.0, 2.828427125]
[8, 1, 91.1, 638.8, 23.1, 31, 3.1, 0.0, 2.828427125]
[8, 4, 91.7, 661.3, 18.6, 44, 4.5, 0.0, 2.828427125]
[9, 5, 92.4, 668.0, 23.0, 37, 4.5, 0.0, 2.828427125]
[9, 5, 92.4, 668.0, 19.6, 33, 5.4, 0.0, 2.828427125]
[9, 5, 92.4, 668.0, 19.6, 33, 6.3, 0.0, 2.828427125]
[3, 5, 91.7, 77.5, 17.2, 26, 4.5, 0.0, 6.403124237]
[3, 5, 91.2, 97.8, 15.8, 27, 7.6, 0.0, 6.403124237]
[9, 5, 94.3, 692.3, 17.7, 37, 3.6, 0.0, 6.403124237]
[3, 5, 91.7, 77.5, 15.6, 25, 6.3, 0.0, 6.403124237]
[8, 2, 88.8, 614.5, 17.3, 43, 4.5, 0.0, 6.403124237]
[9, 5, 93.3, 713.9, 27.6, 30, 1.3, 0.0, 6.403124237]
[2, 4, 84.2, 26.6, 6.7, 79, 3.1, 0.0, 12.72792206]
[2, 5, 86.6, 43.0, 15.7, 43, 3.1, 0.0, 12.72792206]
[3, 1, 87.6, 103.8, 8.3, 72, 3.1, 0.0, 3.16227766]
[8, 5, 90.1, 529.8, 14.7, 66, 2.7, 0.0, 2.236067977]
[8, 2, 91.0, 561.6, 21.6, 19, 6.7, 0.0, 2.236067977]
[8, 7, 91.4, 601.4, 19.5, 39, 6.3, 0.0, 2.236067977]
[8, 7, 90.2, 631.2, 17.9, 44, 2.2, 0.0, 2.236067977]
[8, 2, 94.8, 647.1, 18.6, 51, 4.5, 0.0, 2.236067977]
[8, 3, 92.1, 654.1, 16.6, 47, 0.9, 0.0, 2.236067977]
[8, 4, 91.7, 661.3, 20.2, 45, 3.6, 0.0, 2.236067977]
[9, 4, 92.9, 706.4, 21.5, 15, 0.9, 0.0, 2.236067977]
[9, 4, 92.9, 706.4, 25.4, 27, 2.2, 0.0, 2.236067977]
[9, 4, 92.9, 706.4, 22.4, 34, 2.2, 0.0, 2.236067977]
[9, 7, 93.5, 728.6, 25.3, 36, 3.6, 0.0, 2.236067977]
[3, 6, 91.7, 80.8, 17.4, 25, 4.9, 0.0, 7.810249676]
[8, 6, 90.2, 624.2, 14.7, 59, 5.8, 0.0, 7.810249676]
[3, 5, 91.7, 80.8, 17.4, 24, 5.4, 0.0, 10.0]
[8, 7, 92.3, 488.0, 20.8, 32, 6.3, 0.0, 10.0]
[8, 7, 91.4, 601.4, 18.2, 43, 4.9, 0.0, 10.0]
[8, 1, 91.1, 638.8, 23.4, 22, 2.7, 0.0, 10.0]
[9, 7, 89.7, 704.4, 17.8, 64, 1.3, 0.0, 5.656854249]
[2, 6, 83.9, 30.2, 12.7, 48, 1.8, 0.0, 5.0]
[3, 6, 69.0, 15.5, 17.4, 24, 5.4, 0.0, 5.0]
[8, 7, 91.4, 601.4, 11.6, 87, 4.5, 0.0, 5.0]
[8, 7, 91.4, 601.4, 19.8, 39, 5.4, 0.0, 5.0]
[8, 7, 91.4, 601.4, 19.8, 39, 5.4, 0.0, 5.0]
[8, 2, 88.8, 614.5, 14.4, 66, 5.4, 0.0, 5.0]
[8, 2, 94.8, 647.1, 20.1, 40, 4.0, 0.0, 4.472135955]
[9, 6, 92.5, 674.4, 24.1, 29, 4.5, 0.0, 4.472135955]
[1, 6, 82.1, 9.3, 5.3, 78, 3.1, 0.0, 4.472135955]
[3, 5, 85.9, 57.3, 12.7, 52, 6.3, 0.0, 6.403124237]
[3, 4, 91.4, 74.3, 18.2, 29, 3.1, 0.0, 6.403124237]
[8, 7, 90.2, 631.2, 21.4, 33, 3.1, 0.0, 6.403124237]
[9, 6, 92.5, 698.6, 20.3, 45, 3.1, 0.0, 6.403124237]
[9, 1, 88.6, 709.9, 17.4, 56, 5.4, 0.0, 6.403124237]
[3, 5, 85.9, 57.3, 13.7, 43, 5.8, 0.0, 5.656854249]
[3, 5, 91.7, 77.5, 18.8, 18, 4.5, 0.0, 5.0]
[9, 7, 89.7, 704.4, 22.8, 39, 3.6, 0.0, 5.0]
[9, 1, 91.8, 724.3, 18.9, 35, 2.7, 0.0, 5.0]
[3, 2, 88.1, 67.6, 15.8, 27, 7.6, 0.0, 5.0]
[3, 2, 88.1, 67.6, 15.5, 27, 6.3, 0.0, 5.830951895]
[3, 6, 91.7, 80.8, 11.6, 30, 6.3, 0.0, 5.0]
[3, 6, 91.7, 80.8, 15.2, 27, 4.9, 0.0, 5.0]
[3, 1, 90.1, 86.6, 10.6, 30, 4.0, 0.0, 5.0]
[8, 4, 93.0, 466.6, 19.6, 36, 3.1, 0.0, 5.0]
[8, 1, 91.5, 608.2, 10.3, 74, 2.2, 0.0, 5.0]
[8, 1, 91.5, 608.2, 17.1, 43, 5.4, 0.0, 5.0]
[9, 7, 92.4, 680.7, 22.5, 42, 5.4, 0.0, 5.0]
[9, 2, 84.4, 671.9, 17.9, 45, 3.1, 0.0, 5.0]
[9, 5, 94.3, 692.3, 19.8, 50, 5.4, 0.0, 5.0]
[10, 7, 92.6, 691.8, 20.6, 24, 5.4, 0.0, 5.0]
[3, 1, 87.6, 103.8, 9.0, 49, 2.2, 0.0, 5.830951895]
[9, 5, 93.5, 728.6, 17.2, 43, 3.1, 0.0, 5.830951895]
[10, 3, 91.4, 673.8, 15.9, 46, 3.6, 0.0, 5.830951895]
[10, 7, 92.6, 691.8, 15.4, 35, 0.9, 0.0, 5.385164807]
[2, 6, 68.2, 87.2, 15.4, 40, 2.7, 0.0, 7.211102551]
[3, 1, 87.2, 64.7, 14.0, 39, 3.1, 0.0, 7.211102551]
[3, 7, 89.3, 102.2, 10.6, 46, 4.9, 0.0, 7.211102551]
[9, 4, 93.7, 685.2, 17.6, 42, 3.1, 0.0, 7.211102551]
[3, 2, 88.1, 67.6, 14.9, 38, 2.7, 0.0, 5.830951895]
[8, 6, 93.5, 594.2, 17.6, 52, 5.8, 0.0, 5.830951895]
[9, 7, 92.4, 680.7, 17.2, 58, 1.3, 0.0, 6.708203932]
[9, 1, 90.9, 686.5, 15.6, 66, 3.1, 0.0, 6.708203932]
[7, 2, 85.8, 313.4, 18.0, 42, 2.7, 0.36, 12.72792206]
[9, 2, 91.0, 692.6, 21.7, 38, 2.2, 0.43, 4.123105626]
[9, 1, 90.9, 686.5, 21.9, 39, 1.8, 0.47, 5.385164807]
[8, 3, 95.5, 513.3, 23.3, 31, 4.5, 0.55, 2.236067977]
[8, 5, 90.1, 529.8, 21.2, 51, 8.9, 0.61, 10.0]
[7, 6, 90.0, 296.3, 16.6, 53, 5.4, 0.71, 2.236067977]
[8, 3, 95.5, 513.3, 23.8, 32, 5.4, 0.77, 5.385164807]
[8, 4, 95.2, 578.8, 27.4, 22, 4.0, 0.9, 7.810249676]
[3, 1, 90.1, 86.6, 13.2, 40, 5.4, 0.95, 6.403124237]
[9, 2, 84.4, 671.9, 24.2, 28, 3.6, 0.96, 8.544003745]
[8, 2, 94.8, 647.1, 17.4, 43, 6.7, 1.07, 2.828427125]
[9, 4, 93.7, 685.2, 23.7, 25, 4.5, 1.12, 10.0]
[6, 5, 92.5, 433.3, 23.2, 39, 5.4, 1.19, 7.810249676]
[7, 7, 90.1, 355.2, 24.8, 29, 2.2, 1.36, 12.72792206]
[7, 6, 90.1, 424.1, 24.6, 43, 1.8, 1.43, 5.0]
[9, 5, 94.3, 692.3, 20.1, 47, 4.9, 1.46, 6.403124237]
[9, 6, 93.4, 721.4, 29.6, 27, 2.7, 1.46, 5.099019514]
[8, 7, 94.8, 647.1, 16.4, 47, 1.3, 1.56, 8.062257748]
[9, 6, 93.4, 721.4, 28.6, 27, 2.2, 1.61, 4.472135955]
[8, 3, 92.1, 654.1, 18.4, 45, 3.6, 1.63, 2.828427125]
[8, 3, 92.1, 654.1, 20.5, 35, 4.0, 1.64, 4.472135955]
[9, 5, 92.4, 668.0, 19.0, 34, 5.8, 1.69, 8.062257748]
[3, 1, 90.1, 86.6, 16.1, 29, 3.1, 1.75, 8.062257748]
[8, 4, 95.2, 578.8, 20.3, 41, 4.0, 1.9, 7.211102551]
[3, 6, 90.6, 100.4, 15.2, 31, 8.5, 1.94, 6.708203932]
[9, 6, 92.5, 674.4, 17.8, 56, 1.8, 1.95, 10.0]
[9, 7, 89.7, 704.4, 17.8, 67, 2.2, 2.01, 9.433981132]
[3, 4, 84.9, 55.0, 5.3, 70, 4.5, 2.14, 7.810249676]
[8, 3, 92.1, 654.1, 16.6, 47, 0.9, 2.29, 7.810249676]
[8, 3, 96.0, 570.5, 23.4, 33, 4.5, 2.51, 7.810249676]
[3, 5, 91.2, 97.8, 14.6, 26, 9.4, 2.53, 7.810249676]
[8, 4, 95.2, 578.8, 20.7, 45, 2.2, 2.55, 10.0]
[9, 3, 92.9, 699.6, 21.9, 35, 1.8, 2.57, 6.403124237]
[8, 3, 85.6, 609.6, 17.4, 50, 4.0, 2.69, 10.0]
[8, 7, 91.4, 601.4, 20.1, 39, 5.4, 2.74, 8.062257748]
[9, 1, 90.9, 686.5, 17.7, 39, 2.2, 3.07, 5.656854249]
[8, 6, 90.2, 624.2, 14.2, 53, 1.8, 3.5, 4.123105626]
[8, 6, 90.2, 624.2, 20.3, 39, 4.9, 4.53, 4.123105626]
[4, 4, 81.5, 55.2, 5.8, 54, 5.8, 4.61, 7.810249676]
[8, 7, 90.2, 631.2, 19.2, 44, 2.7, 4.69, 5.385164807]
[9, 3, 90.1, 735.7, 18.3, 45, 2.2, 4.88, 5.385164807]
[8, 2, 88.8, 614.5, 14.4, 66, 5.4, 5.23, 10.0]
[9, 7, 92.4, 680.7, 23.9, 32, 6.7, 5.33, 3.16227766]
[10, 1, 84.9, 664.2, 19.1, 32, 4.0, 5.44, 10.0]
[2, 7, 86.8, 48.3, 12.4, 53, 2.2, 6.38, 6.403124237]
[10, 1, 91.7, 696.1, 16.8, 45, 4.5, 6.83, 8.062257748]
[8, 5, 93.9, 586.7, 20.8, 34, 4.9, 6.96, 10.0]
[9, 2, 91.0, 692.6, 17.6, 46, 3.1, 7.04, 5.385164807]
[3, 7, 89.3, 102.2, 11.5, 39, 5.8, 7.19, 10.0]
[9, 1, 90.9, 686.5, 21.0, 42, 2.2, 7.3, 5.099019514]
[3, 6, 90.8, 89.4, 13.3, 42, 0.9, 7.4, 7.211102551]
[3, 7, 90.7, 92.4, 11.5, 60, 4.0, 8.24, 8.062257748]
[3, 5, 91.2, 97.8, 11.7, 33, 4.0, 8.31, 7.810249676]
[8, 4, 95.2, 578.8, 24.2, 28, 2.7, 8.68, 5.385164807]
[8, 2, 94.8, 647.1, 24.6, 22, 4.5, 8.71, 2.828427125]
[9, 3, 92.9, 699.6, 24.3, 25, 4.0, 9.41, 6.403124237]
[8, 2, 94.8, 647.1, 24.6, 22, 4.5, 10.01, 2.828427125]
[8, 5, 93.9, 586.7, 23.5, 36, 5.4, 10.02, 5.385164807]
[4, 4, 81.5, 55.2, 5.8, 54, 5.8, 10.93, 7.810249676]
[9, 4, 92.9, 706.4, 21.5, 15, 0.9, 11.06, 6.403124237]
[9, 2, 91.0, 692.6, 13.9, 59, 6.3, 11.24, 5.0]
[9, 1, 63.5, 665.3, 22.6, 38, 3.6, 11.32, 4.472135955]
[9, 2, 91.0, 692.6, 21.6, 33, 2.2, 11.53, 5.099019514]
[3, 7, 90.1, 83.7, 12.4, 54, 3.6, 12.1, 7.810249676]
[2, 7, 83.9, 32.1, 8.8, 68, 2.2, 13.05, 8.062257748]
[10, 3, 91.4, 673.8, 20.2, 37, 2.7, 13.7, 10.0]
[3, 6, 90.6, 100.4, 15.1, 64, 4.0, 13.99, 7.810249676]
[9, 4, 92.9, 706.4, 22.1, 34, 1.8, 14.57, 6.403124237]
[8, 6, 93.5, 594.2, 22.9, 31, 7.2, 15.45, 2.828427125]
[9, 2, 91.0, 692.6, 20.7, 37, 2.2, 17.2, 8.602325267]
[9, 5, 92.4, 668.0, 19.6, 33, 6.3, 19.23, 7.810249676]
[9, 4, 93.7, 685.2, 23.2, 26, 4.9, 23.41, 8.544003745]
[10, 6, 90.6, 686.9, 18.4, 25, 3.1, 24.23, 5.656854249]
[8, 6, 93.5, 594.2, 5.1, 96, 5.8, 26.0, 8.062257748]
[9, 5, 94.3, 692.3, 20.1, 47, 4.9, 26.13, 8.062257748]
[3, 1, 87.6, 103.8, 11.0, 46, 5.8, 27.35, 7.615773106]
[3, 6, 91.7, 80.8, 17.0, 27, 4.9, 28.66, 5.656854249]
[3, 6, 91.7, 80.8, 17.0, 27, 4.9, 28.66, 5.656854249]
[9, 7, 92.4, 680.7, 16.9, 60, 1.3, 29.48, 5.656854249]
[9, 1, 88.6, 709.9, 12.4, 73, 6.3, 30.32, 3.16227766]
[9, 3, 92.9, 699.6, 19.4, 19, 1.3, 31.72, 6.403124237]
[3, 1, 90.1, 86.6, 15.2, 27, 3.1, 31.86, 7.810249676]
[8, 7, 90.2, 631.2, 16.2, 59, 3.1, 32.07, 10.0]
[9, 5, 93.3, 713.9, 18.6, 49, 3.6, 35.88, 5.0]
[3, 1, 87.6, 103.8, 11.0, 46, 5.8, 36.85, 5.0]
[7, 5, 88.3, 309.9, 13.4, 79, 3.6, 37.02, 2.828427125]
[9, 3, 90.1, 735.7, 15.4, 57, 4.5, 37.71, 8.062257748]
[9, 7, 93.5, 728.6, 22.9, 39, 4.9, 48.55, 5.656854249]
[10, 1, 91.7, 696.1, 16.1, 44, 4.0, 49.37, 8.602325267]
[8, 6, 92.2, 480.8, 20.1, 34, 4.5, 58.3, 10.0]
[9, 7, 93.5, 728.6, 28.3, 26, 3.1, 64.1, 7.211102551]
[8, 6, 92.2, 480.8, 16.4, 43, 4.0, 71.3, 10.0]
[9, 3, 92.9, 699.6, 26.4, 21, 4.5, 88.49, 5.656854249]
[9, 7, 93.5, 728.6, 27.8, 27, 3.1, 95.18, 5.099019514]
[9, 2, 91.0, 692.6, 18.7, 43, 2.7, 103.39, 7.211102551]
[9, 2, 84.4, 671.9, 24.3, 36, 3.1, 105.66, 9.848857802]
[9, 6, 92.5, 674.4, 17.7, 25, 3.1, 154.88, 6.403124237]
[8, 7, 91.4, 601.4, 19.6, 41, 5.8, 196.48, 10.0]
[9, 6, 92.5, 674.4, 18.2, 46, 1.8, 200.94, 2.828427125]
[9, 2, 91.0, 692.6, 18.8, 40, 2.2, 212.88, 2.236067977]
[9, 6, 92.5, 674.4, 25.1, 27, 4.0, 1090.84, 7.810249676]
[4, 7, 81.9, 7.9, 13.4, 75, 1.8, 0.0, 8.602325267]
[4, 3, 88.0, 43.5, 15.2, 51, 2.7, 0.0, 6.708203932]
[4, 5, 83.0, 85.3, 16.7, 20, 3.1, 0.0, 5.656854249]
[8, 7, 94.2, 589.9, 15.4, 66, 4.0, 10.13, 4.472135955]
[8, 7, 91.8, 700.7, 21.9, 73, 7.6, 0.0, 8.062257748]
[8, 7, 91.8, 700.7, 22.4, 54, 7.6, 2.87, 4.472135955]
[8, 7, 91.8, 700.7, 26.8, 38, 6.3, 0.76, 5.0]
[8, 7, 91.8, 700.7, 25.7, 39, 5.4, 0.09, 6.403124237]
[8, 3, 92.2, 503.6, 20.7, 70, 2.2, 0.75, 4.472135955]
[8, 3, 93.1, 666.7, 28.7, 28, 2.7, 0.0, 10.0]
[8, 3, 93.1, 666.7, 21.7, 40, 0.4, 2.47, 5.0]
[8, 3, 93.1, 666.7, 26.8, 25, 3.1, 0.68, 9.433981132]
[8, 3, 93.1, 666.7, 24.0, 36, 3.1, 0.24, 9.433981132]
[8, 3, 93.1, 666.7, 22.1, 37, 3.6, 0.21, 7.810249676]
[8, 4, 91.9, 565.5, 21.4, 38, 2.7, 1.52, 8.062257748]
[8, 4, 91.6, 621.7, 18.9, 41, 3.1, 10.34, 6.708203932]
[8, 4, 87.5, 694.8, 22.3, 46, 4.0, 0.0, 5.385164807]
[8, 6, 94.2, 581.1, 23.9, 41, 2.2, 8.02, 10.0]
[8, 6, 94.2, 581.1, 21.4, 44, 2.7, 0.68, 5.0]
[8, 6, 91.8, 692.3, 20.6, 59, 0.9, 0.0, 5.0]
[8, 6, 91.8, 692.3, 23.7, 40, 1.8, 1.38, 8.062257748]
[8, 1, 93.6, 542.0, 28.3, 32, 4.0, 8.85, 4.472135955]
[8, 5, 91.6, 573.0, 11.2, 84, 7.6, 3.3, 5.0]
[8, 5, 91.6, 573.0, 21.4, 42, 3.1, 4.25, 4.472135955]
[8, 5, 91.1, 629.1, 19.3, 39, 3.6, 1.56, 6.708203932]
[8, 5, 94.3, 684.4, 21.8, 53, 3.1, 6.54, 5.656854249]
[8, 2, 93.7, 550.3, 22.1, 54, 7.6, 0.79, 5.656854249]
[8, 2, 94.3, 607.1, 19.4, 55, 4.0, 0.17, 7.810249676]
[8, 2, 92.1, 658.2, 23.7, 24, 3.1, 0.0, 2.828427125]
[8, 2, 92.1, 658.2, 21.0, 32, 3.1, 0.0, 5.0]
[8, 2, 92.1, 658.2, 19.1, 53, 2.7, 4.4, 5.656854249]
[8, 2, 92.1, 658.2, 21.8, 56, 3.1, 0.52, 2.828427125]
[8, 2, 92.1, 658.2, 20.1, 58, 4.5, 9.27, 10.0]
[8, 2, 92.1, 658.2, 20.2, 47, 4.0, 3.09, 5.385164807]
[12, 7, 84.4, 353.5, 4.8, 57, 8.5, 8.98, 7.211102551]
[12, 3, 84.0, 354.6, 5.1, 61, 8.0, 11.19, 10.0]
[12, 4, 84.6, 352.0, 5.1, 61, 4.9, 5.38, 7.211102551]
[12, 1, 85.4, 349.7, 4.6, 21, 8.5, 17.85, 5.656854249]
[12, 1, 85.4, 349.7, 4.6, 21, 8.5, 10.73, 5.0]
[12, 1, 85.4, 349.7, 4.6, 21, 8.5, 22.03, 5.656854249]
[12, 1, 85.4, 349.7, 4.6, 21, 8.5, 9.77, 5.656854249]
[12, 5, 84.7, 352.6, 2.2, 59, 4.9, 9.27, 7.211102551]
[12, 2, 85.4, 349.7, 5.1, 24, 8.5, 24.77, 7.810249676]
[2, 7, 84.9, 353.5, 4.2, 51, 4.0, 0.0, 6.708203932]
[2, 3, 86.9, 18.7, 8.8, 35, 3.1, 1.1, 5.0]
[2, 5, 85.2, 15.8, 7.5, 46, 8.0, 24.24, 6.403124237]
[7, 7, 93.9, 411.8, 23.4, 40, 6.3, 0.0, 5.385164807]
[7, 3, 91.2, 437.7, 12.6, 90, 7.6, 0.0, 9.219544457]
[7, 6, 91.6, 474.9, 22.1, 49, 2.7, 0.0, 8.062257748]
[7, 6, 91.6, 474.9, 24.2, 32, 1.8, 0.0, 8.062257748]
[7, 6, 91.6, 474.9, 24.3, 30, 1.8, 0.0, 8.062257748]
[7, 6, 91.6, 474.9, 18.7, 53, 1.8, 0.0, 5.385164807]
[7, 6, 91.6, 474.9, 25.3, 39, 0.9, 8.0, 9.848857802]
[7, 5, 91.6, 466.3, 22.9, 40, 1.3, 2.64, 6.403124237]
[7, 2, 93.1, 430.8, 26.9, 28, 5.4, 86.45, 9.219544457]
[7, 2, 92.3, 440.9, 17.1, 67, 3.6, 6.57, 10.0]
[6, 7, 93.1, 430.8, 22.2, 48, 1.3, 0.0, 8.602325267]
[6, 7, 90.4, 290.8, 14.3, 46, 1.8, 0.9, 7.211102551]
[6, 7, 90.4, 290.8, 15.4, 45, 2.2, 0.0, 10.0]
[6, 3, 91.2, 377.2, 19.6, 43, 4.9, 0.0, 10.0]
[6, 6, 53.4, 233.8, 10.6, 90, 2.7, 0.0, 7.810249676]
[6, 1, 90.4, 298.1, 20.7, 25, 4.9, 0.0, 7.810249676]
[6, 1, 90.4, 298.1, 19.1, 39, 5.4, 3.52, 7.810249676]
[6, 5, 91.1, 232.1, 19.2, 38, 4.5, 0.0, 6.708203932]
[6, 5, 91.1, 232.1, 19.2, 38, 4.5, 0.0, 6.708203932]
[5, 6, 85.1, 113.8, 11.3, 94, 4.9, 0.0, 7.810249676]
[9, 7, 89.6, 714.3, 19.0, 52, 2.2, 0.0, 4.123105626]
[9, 7, 89.6, 714.3, 17.1, 53, 5.4, 0.41, 8.062257748]
[9, 7, 89.6, 714.3, 23.8, 35, 3.6, 5.18, 5.0]
[9, 7, 92.4, 758.1, 16.0, 45, 1.8, 0.0, 4.472135955]
[9, 7, 92.4, 758.1, 24.9, 27, 2.2, 0.0, 4.472135955]
[9, 7, 92.4, 758.1, 25.3, 27, 2.7, 0.0, 8.062257748]
[9, 7, 92.4, 758.1, 24.8, 28, 1.8, 14.29, 6.708203932]
[9, 7, 50.4, 706.6, 12.2, 78, 6.3, 0.0, 4.472135955]
[9, 3, 92.6, 777.1, 24.3, 27, 4.9, 0.0, 7.810249676]
[9, 3, 92.6, 777.1, 19.7, 41, 1.8, 1.58, 5.656854249]
[9, 3, 91.2, 817.5, 18.5, 30, 2.7, 0.0, 5.0]
[9, 4, 92.4, 739.4, 18.6, 24, 5.8, 0.0, 6.403124237]
[9, 4, 92.4, 739.4, 19.2, 24, 4.9, 3.78, 5.656854249]
[9, 4, 92.8, 783.5, 21.6, 27, 2.2, 0.0, 7.810249676]
[9, 4, 92.8, 783.5, 21.6, 28, 6.3, 4.41, 6.403124237]
[9, 4, 92.8, 783.5, 18.9, 34, 7.2, 34.36, 6.708203932]
[9, 4, 92.8, 783.5, 16.8, 28, 4.0, 7.21, 4.123105626]
[9, 4, 92.8, 783.5, 16.8, 28, 4.0, 1.01, 7.810249676]
[9, 4, 90.7, 822.8, 12.9, 39, 2.7, 2.18, 5.830951895]
[9, 4, 88.1, 726.9, 13.7, 56, 1.8, 4.42, 7.810249676]
[9, 6, 92.2, 751.5, 24.2, 27, 3.1, 0.0, 4.123105626]
[9, 6, 92.2, 751.5, 24.1, 27, 3.1, 0.0, 6.403124237]
[9, 6, 92.2, 751.5, 21.2, 32, 2.2, 0.0, 7.810249676]
[9, 6, 92.2, 751.5, 19.7, 35, 1.8, 0.0, 7.810249676]
[9, 6, 92.2, 751.5, 23.5, 27, 4.0, 3.33, 5.0]
[9, 6, 92.2, 751.5, 24.2, 27, 3.1, 6.58, 4.242640687]
[9, 6, 91.2, 795.3, 21.5, 28, 4.5, 15.64, 8.062257748]
[9, 6, 91.2, 795.3, 17.1, 41, 2.2, 11.22, 5.656854249]
[9, 1, 92.1, 721.1, 18.1, 54, 3.1, 2.13, 4.123105626]
[9, 1, 91.6, 764.0, 18.0, 51, 5.4, 0.0, 3.605551275]
[9, 1, 91.6, 764.0, 9.8, 86, 1.8, 0.0, 5.0]
[9, 1, 91.6, 764.0, 19.3, 44, 2.2, 0.0, 8.062257748]
[9, 1, 91.6, 764.0, 23.0, 34, 2.2, 56.04, 6.708203932]
[9, 1, 91.6, 764.0, 22.7, 35, 2.2, 7.48, 10.0]
[9, 1, 91.6, 764.0, 20.4, 41, 1.8, 1.47, 4.472135955]
[9, 1, 91.6, 764.0, 19.3, 44, 2.2, 3.93, 5.385164807]
[9, 1, 91.9, 770.3, 15.7, 51, 2.2, 0.0, 10.0]
[9, 1, 91.5, 807.1, 20.6, 37, 1.8, 0.0, 6.708203932]
[9, 1, 91.5, 807.1, 15.9, 51, 4.5, 2.18, 10.0]
[9, 1, 91.5, 807.1, 12.2, 66, 4.9, 6.1, 6.708203932]
[9, 1, 91.5, 807.1, 16.8, 43, 3.1, 5.83, 2.828427125]
[9, 1, 91.5, 807.1, 21.3, 35, 2.2, 28.19, 4.123105626]
[9, 5, 92.1, 745.3, 10.1, 75, 3.6, 0.0, 6.403124237]
[9, 5, 92.1, 745.3, 17.4, 57, 4.5, 0.0, 5.0]
[9, 5, 92.1, 745.3, 12.8, 64, 3.6, 1.64, 6.403124237]
[9, 5, 92.1, 745.3, 10.1, 75, 3.6, 3.71, 6.403124237]
[9, 5, 92.1, 745.3, 15.4, 53, 6.3, 7.31, 5.656854249]
[9, 5, 92.1, 745.3, 20.6, 43, 3.6, 2.03, 8.062257748]
[9, 5, 92.1, 745.3, 19.8, 47, 2.7, 1.72, 8.062257748]
[9, 5, 92.1, 745.3, 18.7, 50, 2.2, 5.97, 8.062257748]
[9, 5, 92.1, 745.3, 20.8, 35, 4.9, 13.06, 5.656854249]
[9, 5, 92.1, 745.3, 20.8, 35, 4.9, 1.26, 5.656854249]
[9, 5, 92.5, 789.7, 15.9, 55, 3.6, 0.0, 6.708203932]
[9, 5, 92.5, 789.7, 19.7, 39, 2.7, 0.0, 6.708203932]
[9, 5, 92.5, 789.7, 21.1, 39, 2.2, 8.12, 4.123105626]
[9, 5, 92.5, 789.7, 18.4, 42, 2.2, 1.09, 7.810249676]
[9, 5, 92.5, 789.7, 17.3, 45, 4.0, 3.94, 5.0]
[9, 5, 88.2, 732.3, 15.2, 64, 3.1, 0.52, 8.062257748]
[9, 2, 91.9, 770.3, 15.9, 53, 2.2, 2.93, 5.0]
[9, 2, 91.9, 770.3, 21.1, 35, 2.7, 5.65, 7.810249676]
[9, 2, 91.9, 770.3, 19.6, 45, 3.1, 20.03, 7.810249676]
[9, 2, 91.1, 812.1, 15.9, 38, 5.4, 1.75, 6.403124237]
[9, 2, 91.1, 812.1, 16.4, 27, 3.6, 0.0, 6.403124237]
[9, 6, 91.2, 744.4, 16.8, 47, 4.9, 12.64, 7.810249676]
[9, 7, 91.0, 825.1, 13.8, 77, 7.6, 0.0, 6.403124237]
[9, 7, 91.0, 825.1, 13.8, 77, 7.6, 11.06, 8.062257748]
[7, 3, 91.9, 520.5, 14.2, 58, 4.0, 0.0, 5.0]
[8, 7, 92.0, 664.5, 10.4, 75, 0.9, 0.0, 6.403124237]
[8, 4, 94.8, 698.6, 20.3, 42, 2.7, 0.0, 6.403124237]
[9, 5, 90.3, 855.3, 10.3, 78, 4.0, 18.3, 7.810249676]
[9, 6, 91.2, 744.4, 15.4, 57, 4.9, 39.35, 7.810249676]
[8, 1, 92.1, 672.6, 21.1, 54, 2.2, 0.0, 10.0]
[8, 6, 93.7, 715.1, 21.9, 42, 2.2, 174.63, 2.828427125]
[3, 4, 90.9, 30.6, 8.7, 51, 5.8, 0.0, 7.810249676]
[1, 7, 18.7, 171.4, 5.2, 100, 0.9, 0.0, 6.403124237]
[7, 3, 93.7, 458.8, 19.3, 39, 7.2, 7.73, 6.403124237]
[8, 4, 90.7, 643.0, 16.2, 63, 2.7, 16.33, 10.0]
[8, 3, 95.2, 690.0, 28.2, 29, 1.8, 5.86, 10.0]
[8, 4, 91.6, 753.8, 20.5, 58, 2.7, 42.87, 10.81665383]
[8, 6, 91.6, 819.1, 21.3, 44, 4.5, 12.18, 8.94427191]
[8, 7, 91.6, 613.0, 20.9, 50, 2.2, 16.0, 4.472135955]
[9, 7, 90.5, 750.5, 20.6, 55, 5.4, 24.59, 5.0]
[3, 4, 90.9, 30.6, 11.6, 48, 5.4, 0.0, 7.071067812]
[8, 5, 94.8, 706.7, 23.3, 34, 3.1, 28.74, 7.211102551]
[8, 5, 94.8, 706.7, 23.3, 34, 3.1, 0.0, 8.062257748]
[2, 1, 84.7, 58.3, 7.5, 71, 6.3, 9.96, 8.062257748]
[9, 5, 91.1, 738.1, 20.7, 46, 2.7, 30.18, 10.0]
[9, 7, 91.0, 825.1, 21.9, 43, 4.0, 70.76, 3.16227766]
[3, 2, 93.4, 25.6, 15.2, 19, 7.6, 0.0, 4.472135955]
[2, 1, 84.1, 46.7, 5.3, 68, 1.8, 0.0, 7.810249676]
[2, 7, 85.0, 56.9, 10.1, 62, 1.8, 51.78, 6.403124237]
[9, 7, 90.5, 750.5, 20.4, 55, 4.9, 3.64, 5.0]
[8, 7, 91.6, 613.0, 24.3, 33, 3.6, 3.63, 7.810249676]
[8, 6, 93.7, 715.1, 25.9, 32, 3.1, 0.0, 2.236067977]
[6, 3, 93.3, 297.7, 28.0, 34, 4.5, 0.0, 10.29563014]
[6, 3, 93.3, 297.7, 28.0, 34, 4.5, 8.16, 10.29563014]
[9, 4, 91.1, 731.7, 22.8, 46, 4.0, 4.95, 5.0]
[8, 5, 94.8, 706.7, 25.0, 36, 4.0, 0.0, 12.72792206]
[8, 4, 90.7, 643.0, 21.3, 41, 3.6, 0.0, 10.0]
[9, 3, 87.9, 725.1, 21.8, 34, 2.2, 6.04, 4.472135955]
[8, 2, 94.6, 680.9, 27.9, 27, 2.2, 0.0, 2.828427125]
[9, 6, 87.1, 860.6, 17.0, 67, 4.9, 3.95, 7.810249676]
[2, 6, 84.7, 55.0, 14.2, 46, 4.0, 0.0, 6.403124237]
[9, 5, 90.3, 855.3, 19.9, 44, 3.1, 7.8, 5.0]
[7, 2, 92.3, 450.2, 23.4, 31, 5.4, 0.0, 4.123105626]
[2, 5, 84.1, 52.8, 14.7, 42, 2.7, 0.0, 6.708203932]
[2, 5, 84.6, 43.6, 8.2, 53, 9.4, 4.62, 8.062257748]
[7, 1, 92.3, 442.1, 22.8, 27, 4.5, 1.63, 9.848857802]
[8, 6, 93.7, 715.1, 26.4, 33, 3.6, 0.0, 8.602325267]
[8, 7, 93.6, 723.1, 24.1, 50, 4.0, 0.0, 6.403124237]
[8, 4, 94.8, 698.6, 27.5, 27, 4.9, 746.28, 10.0]
[7, 2, 92.7, 575.8, 26.3, 39, 3.1, 7.02, 6.708203932]
[3, 3, 93.4, 28.3, 13.8, 24, 5.8, 0.0, 7.810249676]
[8, 7, 92.0, 664.5, 24.9, 42, 5.4, 2.44, 4.472135955]
[8, 7, 91.6, 613.0, 24.8, 36, 4.0, 3.05, 5.385164807]
[8, 3, 91.7, 635.9, 26.2, 36, 4.5, 185.76, 11.3137085]
[8, 3, 95.2, 690.0, 30.8, 19, 4.5, 0.0, 4.472135955]
[7, 7, 88.9, 795.9, 29.3, 27, 3.6, 6.3, 10.0]
[9, 6, 91.2, 744.4, 22.3, 48, 4.0, 0.72, 3.16227766]
[8, 6, 93.7, 715.1, 26.9, 31, 3.6, 4.96, 10.0]
[8, 4, 91.6, 753.8, 20.4, 56, 2.2, 0.0, 2.828427125]
[8, 4, 91.6, 753.8, 20.4, 56, 2.2, 0.0, 10.0]
[8, 1, 92.1, 672.6, 27.9, 33, 2.2, 2.35, 4.472135955]
[8, 4, 94.8, 698.6, 26.2, 34, 5.8, 0.0, 3.16227766]
[8, 7, 91.6, 613.0, 24.6, 44, 4.0, 3.2, 5.0]
[9, 4, 89.7, 849.3, 19.4, 45, 3.6, 0.0, 8.062257748]
[8, 6, 92.1, 605.3, 23.3, 40, 4.0, 6.36, 3.16227766]
[8, 4, 94.8, 698.6, 23.9, 38, 6.7, 0.0, 10.0]
[8, 7, 93.6, 723.1, 20.9, 66, 4.9, 15.34, 4.472135955]
[8, 5, 90.6, 811.2, 22.2, 45, 3.6, 0.0, 4.123105626]
[7, 6, 90.8, 376.6, 23.8, 51, 1.8, 0.0, 5.385164807]
[8, 1, 92.1, 672.6, 26.8, 35, 1.3, 0.54, 10.0]
[8, 6, 89.4, 768.4, 14.2, 73, 2.7, 0.0, 10.0]
[8, 6, 93.7, 715.1, 23.6, 53, 4.0, 6.43, 5.385164807]
[9, 5, 91.1, 738.1, 19.1, 46, 2.2, 0.33, 3.16227766]
[9, 5, 90.3, 855.3, 16.2, 58, 3.6, 0.0, 6.403124237]
[8, 1, 92.1, 672.6, 25.5, 29, 1.8, 1.23, 10.0]
[4, 1, 87.9, 41.6, 10.9, 64, 3.1, 3.35, 7.810249676]
[7, 5, 90.7, 368.3, 14.8, 78, 8.0, 0.0, 2.236067977]
[9, 5, 90.3, 855.3, 16.2, 58, 3.6, 9.96, 5.385164807]
[8, 7, 94.0, 100.7, 17.3, 80, 4.5, 0.0, 7.071067812]
[8, 7, 92.0, 664.5, 19.1, 70, 2.2, 0.0, 7.810249676]
[3, 3, 93.4, 28.3, 8.9, 35, 8.0, 0.0, 5.0]
[9, 3, 89.7, 844.0, 10.5, 77, 4.0, 0.0, 8.062257748]
[8, 7, 91.6, 613.0, 19.3, 61, 4.9, 0.0, 8.062257748]
[8, 3, 95.2, 690.0, 23.4, 49, 5.4, 6.43, 6.403124237]
[8, 5, 90.5, 649.9, 11.8, 88, 4.9, 9.71, 4.123105626]
[8, 1, 91.5, 730.6, 17.7, 65, 4.0, 0.0, 8.062257748]
[8, 4, 89.4, 803.3, 17.4, 54, 3.1, 0.0, 6.403124237]
[8, 4, 91.6, 753.8, 16.8, 56, 3.1, 0.0, 5.0]
[7, 1, 94.6, 567.2, 17.9, 48, 2.7, 0.0, 5.0]
[8, 4, 91.6, 753.8, 16.6, 59, 2.7, 0.0, 4.472135955]
[8, 3, 91.7, 635.9, 19.9, 50, 4.0, 82.75, 4.123105626]
[8, 6, 93.7, 715.1, 18.9, 64, 4.9, 3.32, 10.0]
[8, 6, 91.6, 819.1, 15.5, 72, 8.0, 1.94, 8.062257748]
[8, 6, 93.7, 715.1, 18.9, 64, 4.9, 0.0, 5.385164807]
[8, 6, 93.7, 715.1, 18.9, 64, 4.9, 0.0, 10.0]
[9, 7, 91.0, 825.1, 14.5, 76, 7.6, 3.71, 4.123105626]
[2, 2, 75.1, 16.2, 4.6, 82, 6.3, 5.39, 7.810249676]
[2, 2, 75.1, 16.2, 5.1, 77, 5.4, 2.14, 7.211102551]
[2, 6, 79.5, 15.3, 4.6, 59, 0.9, 6.84, 2.828427125]
[3, 1, 87.2, 36.9, 10.2, 45, 5.8, 3.18, 7.810249676]
[3, 3, 90.2, 41.1, 11.2, 41, 5.4, 5.55, 5.0]
[3, 4, 91.3, 43.5, 13.3, 27, 3.6, 6.61, 7.810249676]
[4, 7, 91.0, 25.6, 13.7, 33, 9.4, 61.13, 6.708203932]
[4, 7, 91.0, 25.6, 17.6, 27, 5.8, 0.0, 6.403124237]
[5, 5, 89.6, 73.7, 18.0, 40, 4.0, 38.48, 5.0]
[6, 1, 88.2, 229.0, 14.3, 79, 4.0, 1.94, 8.544003745]
[6, 6, 90.5, 252.6, 24.5, 50, 3.1, 70.32, 9.848857802]
[6, 4, 93.0, 316.7, 26.4, 35, 2.7, 10.08, 5.0]
[6, 4, 93.7, 350.2, 22.7, 40, 9.4, 3.19, 5.385164807]
[7, 4, 93.5, 395.0, 27.2, 28, 1.3, 1.76, 5.0]
[7, 7, 93.7, 423.4, 26.1, 45, 4.0, 7.36, 5.0]
[7, 7, 93.7, 423.4, 18.2, 82, 4.5, 2.21, 8.062257748]
[7, 1, 89.2, 431.6, 22.6, 57, 4.9, 278.53, 8.062257748]
[7, 4, 93.2, 560.0, 30.2, 25, 4.5, 2.75, 12.72792206]
[7, 4, 93.2, 560.0, 30.2, 22, 4.9, 0.0, 5.0]
[8, 7, 94.9, 587.1, 23.4, 40, 5.8, 1.29, 5.0]
[8, 7, 94.9, 587.1, 31.0, 27, 5.4, 0.0, 10.0]
[8, 7, 94.9, 587.1, 33.1, 25, 4.0, 26.43, 5.385164807]
[8, 1, 95.0, 596.3, 30.6, 28, 3.6, 2.07, 4.472135955]
[8, 2, 95.1, 605.8, 24.1, 43, 6.3, 2.0, 6.403124237]
[8, 2, 95.1, 605.8, 26.4, 34, 3.6, 16.4, 6.403124237]
[8, 2, 95.1, 605.8, 19.4, 71, 7.6, 46.7, 5.656854249]
[8, 3, 95.1, 605.8, 20.6, 58, 1.3, 0.0, 5.656854249]
[8, 3, 95.1, 605.8, 28.7, 33, 4.0, 0.0, 5.656854249]
[8, 4, 95.8, 624.1, 32.4, 21, 4.5, 0.0, 5.656854249]
[8, 5, 95.9, 633.6, 32.4, 27, 2.2, 0.0, 3.16227766]
[8, 5, 95.9, 633.6, 27.5, 29, 4.5, 43.32, 3.16227766]
[8, 6, 96.0, 643.0, 30.8, 30, 4.9, 8.59, 8.485281374]
[8, 1, 96.2, 661.8, 23.9, 42, 2.2, 0.0, 8.485281374]
[8, 1, 96.2, 661.8, 32.6, 26, 3.1, 2.77, 6.403124237]
[8, 2, 96.1, 671.2, 32.3, 27, 2.2, 14.68, 5.0]
[8, 2, 96.1, 671.2, 33.3, 26, 2.7, 40.54, 7.810249676]
[8, 2, 96.1, 671.2, 27.3, 63, 4.9, 10.82, 8.602325267]
[8, 2, 96.1, 671.2, 21.6, 65, 4.9, 0.0, 10.0]
[8, 2, 96.1, 671.2, 21.6, 65, 4.9, 0.0, 8.602325267]
[8, 2, 96.1, 671.2, 20.7, 69, 4.9, 0.0, 5.656854249]
[8, 3, 94.5, 689.1, 29.2, 30, 4.9, 1.95, 4.472135955]
[8, 3, 94.5, 689.1, 28.9, 29, 4.9, 49.59, 5.0]
[8, 4, 91.0, 744.4, 26.7, 35, 1.8, 5.8, 2.236067977]
[8, 5, 91.0, 752.6, 18.5, 73, 8.5, 0.0, 2.236067977]
[8, 5, 91.0, 752.6, 25.9, 41, 3.6, 0.0, 4.472135955]
[8, 5, 91.0, 752.6, 25.9, 41, 3.6, 0.0, 2.236067977]
[8, 5, 91.0, 752.6, 21.1, 71, 7.6, 2.17, 6.403124237]
[8, 5, 91.0, 752.6, 18.2, 62, 5.4, 0.43, 7.810249676]
[8, 7, 81.6, 665.6, 27.8, 35, 2.7, 0.0, 10.0]
[8, 7, 81.6, 665.6, 27.8, 32, 2.7, 6.44, 5.0]
[8, 7, 81.6, 665.6, 21.9, 71, 5.8, 54.29, 4.472135955]
[8, 7, 81.6, 665.6, 21.2, 70, 6.7, 11.16, 8.062257748]
[8, 6, 94.4, 614.7, 25.6, 42, 4.0, 0.0, 4.123105626]
[11, 2, 79.5, 106.7, 11.8, 31, 4.5, 0.0, 6.708203932]
2021-12-01 14:27:30 INFO  Nd4jBackend:386 - Loaded [CpuBackend] backend
2021-12-01 14:27:34 INFO  NativeOpsHolder:386 - Number of threads used for linear algebra: 4
2021-12-01 14:27:34 INFO  CpuNDArrayFactory:382 - Binary level Generic x86 optimization level AVX/AVX2
2021-12-01 14:27:34 INFO  Nd4jBlas:386 - Number of threads used for OpenMP BLAS: 4
2021-12-01 14:27:34 INFO  DefaultOpExecutioner:393 - Backend used: [CPU]; OS: [Windows 10]
2021-12-01 14:27:34 INFO  DefaultOpExecutioner:393 - Cores: [8]; Memory: [2.6GB];
2021-12-01 14:27:34 INFO  DefaultOpExecutioner:386 - Blas vendor: [OPENBLAS]
2021-12-01 14:27:34 INFO  CpuBackend:386 - Backend build information:
 GCC: "10.3.0"
STD version: 201103L
DEFAULT_ENGINE: samediff::ENGINE_CPU
HAVE_FLATBUFFERS
HAVE_OPENBLAS
2021-12-01 14:27:36 INFO  MultiLayerNetwork:403 - Starting MultiLayerNetwork with WorkspaceModes set to [training: ENABLED; inference: ENABLED], cacheMode set to [NONE]
2021-12-01 14:27:39 INFO  VertxUIServer:386 - Deeplearning4j UI server started at: http://localhost:9000
2021-12-01 14:27:39 INFO  VertxUIServer:386 - StatsStorage instance attached to UI: InMemoryStatsStorage(uid=5e06b532)
Epoch: 0
2021-12-01 14:27:39 INFO  ScoreIterationListener:393 - Score at iteration 0 is 12.181050300598145
2021-12-01 14:27:41 INFO  ScoreIterationListener:393 - Score at iteration 100 is 10.991629600524902
2021-12-01 14:27:43 INFO  ScoreIterationListener:393 - Score at iteration 200 is 9.230279922485352
2021-12-01 14:27:44 INFO  ScoreIterationListener:393 - Score at iteration 300 is 6.550564289093018
2021-12-01 14:27:46 INFO  ScoreIterationListener:393 - Score at iteration 400 is 5.906433582305908
2021-12-01 14:27:47 INFO  ScoreIterationListener:393 - Score at iteration 500 is 4.658566474914551
2021-12-01 14:27:49 INFO  ScoreIterationListener:393 - Score at iteration 600 is 4.081234931945801
2021-12-01 14:27:51 INFO  ScoreIterationListener:393 - Score at iteration 700 is 3.6146280765533447
2021-12-01 14:27:52 INFO  ScoreIterationListener:393 - Score at iteration 800 is 2.9919071197509766
2021-12-01 14:27:54 INFO  ScoreIterationListener:393 - Score at iteration 900 is 2.7061634063720703
2021-12-01 14:27:55 INFO  ScoreIterationListener:393 - Score at iteration 1000 is 1.5103532075881958
2021-12-01 14:27:56 INFO  ScoreIterationListener:393 - Score at iteration 1100 is 2.2920947074890137
2021-12-01 14:27:59 INFO  ScoreIterationListener:393 - Score at iteration 1200 is 1.521722674369812
2021-12-01 14:28:02 INFO  ScoreIterationListener:393 - Score at iteration 1300 is 1.5166826248168945
2021-12-01 14:28:05 INFO  ScoreIterationListener:393 - Score at iteration 1400 is 1.264800786972046
2021-12-01 14:28:09 INFO  ScoreIterationListener:393 - Score at iteration 1500 is 1.3807151317596436
2021-12-01 14:28:12 INFO  ScoreIterationListener:393 - Score at iteration 1600 is 1.3288004398345947
2021-12-01 14:28:15 INFO  ScoreIterationListener:393 - Score at iteration 1700 is 1.6903938055038452
2021-12-01 14:28:17 INFO  ScoreIterationListener:393 - Score at iteration 1800 is 1.560563325881958
2021-12-01 14:28:20 INFO  ScoreIterationListener:393 - Score at iteration 1900 is 1.4959919452667236
Epoch: 1000
2021-12-01 14:28:23 INFO  ScoreIterationListener:393 - Score at iteration 2000 is 1.3875691890716553
2021-12-01 14:28:26 INFO  ScoreIterationListener:393 - Score at iteration 2100 is 1.3035602569580078
2021-12-01 14:28:28 INFO  ScoreIterationListener:393 - Score at iteration 2200 is 1.6688424348831177
2021-12-01 14:28:29 INFO  ScoreIterationListener:393 - Score at iteration 2300 is 1.2819766998291016
2021-12-01 14:28:31 INFO  ScoreIterationListener:393 - Score at iteration 2400 is 1.3105883598327637
2021-12-01 14:28:32 INFO  ScoreIterationListener:393 - Score at iteration 2500 is 1.2412676811218262
2021-12-01 14:28:33 INFO  ScoreIterationListener:393 - Score at iteration 2600 is 1.2077736854553223
2021-12-01 14:28:34 INFO  ScoreIterationListener:393 - Score at iteration 2700 is 1.3143056631088257
2021-12-01 14:28:35 INFO  ScoreIterationListener:393 - Score at iteration 2800 is 1.1769129037857056
2021-12-01 14:28:37 INFO  ScoreIterationListener:393 - Score at iteration 2900 is 1.2327591180801392
2021-12-01 14:28:38 INFO  ScoreIterationListener:393 - Score at iteration 3000 is 1.1916413307189941
2021-12-01 14:28:39 INFO  ScoreIterationListener:393 - Score at iteration 3100 is 1.2081494331359863
2021-12-01 14:28:40 INFO  ScoreIterationListener:393 - Score at iteration 3200 is 1.1484713554382324
2021-12-01 14:28:42 INFO  ScoreIterationListener:393 - Score at iteration 3300 is 1.0861033201217651
2021-12-01 14:28:43 INFO  ScoreIterationListener:393 - Score at iteration 3400 is 1.2478502988815308
2021-12-01 14:28:44 INFO  ScoreIterationListener:393 - Score at iteration 3500 is 1.0872935056686401
2021-12-01 14:28:45 INFO  ScoreIterationListener:393 - Score at iteration 3600 is 1.0391677618026733
2021-12-01 14:28:47 INFO  ScoreIterationListener:393 - Score at iteration 3700 is 1.1007410287857056
2021-12-01 14:28:48 INFO  ScoreIterationListener:393 - Score at iteration 3800 is 1.2001429796218872
2021-12-01 14:28:49 INFO  ScoreIterationListener:393 - Score at iteration 3900 is 0.9973577260971069
Column    MSE            MAE            RMSE           RSE            PC             R^2            
col_0     8.73109e+03    2.13721e+01    9.34403e+01    1.07782e+00    -1.72369e-02   -7.78250e-02   


Target shape: Rank: 2, DataType: FLOAT, Offset: 0, Order: f, Shape: [155,1],  Stride: [1,1]

Predictions shape: Rank: 2, DataType: FLOAT, Offset: 0, Order: c, Shape: [155,1],  Stride: [1,1]

Target 			 Predicted
155
[10.8200]		[131.0667]
[22.0300]		[17.5028]
[12.1000]		[0.0141]
[0]		[1.3200]
[0]		[0.0166]
[0]		[7.1058]
[1.2300]		[0.9033]
[19.2300]		[2.7552]
[7.0400]		[1.9116]
[70.7600]		[0.0699]
[0]		[18.5069]
[0]		[158.0907]
[0]		[11.5321]
[0.6800]		[1.3509]
[5.8300]		[3.3999]
[7.8000]		[0.0595]
[0]		[1.6007]
[0]		[19.4251]
[0]		[0.7970]
[8.1600]		[0.0429]
[24.7700]		[18.2545]
[0]		[8.0763]
[3.2000]		[2.6097]
[1.9400]		[33.9292]
[0.4300]		[12.9927]
[24.2300]		[19.4005]
[0]		[-0.1007]
[0]		[0.0383]
[9.4100]		[18.4970]
[0]		[26.1010]
[0]		[0.1852]
[0]		[10.8577]
[0]		[-0.0551]
[2.6400]		[0.7542]
[0]		[0.5337]
[4.2500]		[10.6613]
[0]		[35.9993]
[2.0100]		[4.4439]
[16.3300]		[0.0561]
[6.5400]		[0.0680]
[0]		[6.0571]
[6.6100]		[0.0928]
[0]		[3.5011]
[11.5300]		[0.2008]
[14.6800]		[1.0485]
[7.1900]		[-0.0661]
[174.6300]		[48.5755]
[10.1300]		[5.6225]
[0.7500]		[0.0295]
[0]		[0.2731]
[0]		[2.8603]
[0]		[0.5207]
[0]		[4.7307]
[0]		[1.1110]
[56.0400]		[-0.0393]
[0]		[-0.0987]
[31.8600]		[0.2895]
[1.6100]		[0.1269]
[0]		[69.5924]
[0]		[0.0401]
[1.9400]		[0.1475]
[1.0100]		[3.2434]
[0]		[5.6006]
[0]		[0.8190]
[1.4700]		[11.5649]
[0]		[14.5264]
[10.7300]		[17.2598]
[12.1800]		[8.1476]
[0]		[1.8138]
[0]		[8.1421]
[0]		[0.9606]
[0.2100]		[0.7247]
[2.1800]		[12.3639]
[10.9300]		[2.6245]
[9.7700]		[17.5028]
[1.0700]		[0.2394]
[0]		[-0.0174]
[2.5300]		[31.9685]
[0]		[0.0630]
[12.6400]		[0.0723]
[0]		[0.8741]
[0]		[0.2938]
[4.5300]		[-0.0004]
[31.7200]		[1.3606]
[0]		[0.0557]
[49.3700]		[9.7178]
[5.4400]		[0.2989]
[11.2200]		[-0.0626]
[0]		[0.0470]
[1090.8400]		[1.3160]
[5.2300]		[0.4465]
[64.1000]		[23.5181]
[2.0700]		[6.9241]
[0]		[9.4384]
[3.5200]		[0.3379]
[3.9300]		[5.5309]
[0]		[3.6282]
[6.3000]		[60.4065]
[3.9400]		[0.6990]
[1.6300]		[0.4851]
[0]		[0.0597]
[3.7100]		[4.7307]
[0]		[92.5931]
[0]		[3.1869]
[0]		[0.1387]
[8.5900]		[114.3144]
[0]		[64.5849]
[0]		[0.0133]
[8.2400]		[0.0252]
[2.2100]		[-0.0899]
[26.0000]		[-0.1327]
[4.6100]		[2.6245]
[28.6600]		[0.1845]
[0]		[2.9088]
[0]		[62.0480]
[1.1900]		[0.0318]
[38.4800]		[0.1119]
[0]		[1.7176]
[0]		[4.6525]
[0]		[0.1748]
[0]		[-0.0196]
[0]		[-0.0040]
[3.0700]		[0.0272]
[0]		[-0.0001]
[212.8800]		[2.0495]
[0]		[0.0842]
[1.3600]		[1.8180]
[2.5700]		[11.2349]
[0]		[1.4482]
[0]		[8.8779]
[7.3100]		[9.5510]
[13.9900]		[0.9228]
[5.5500]		[0.0409]
[0]		[0.5751]
[1.6300]		[-0.0127]
[3.9500]		[21.7101]
[8.9800]		[9.7921]
[0.5200]		[3.4903]
[0]		[2.2168]
[0]		[-0.0447]
[0]		[51.0623]
[0]		[0.0166]
[2.5500]		[0.0849]
[0]		[1.8281]
[0]		[18.0991]
[0]		[-0.0548]
[5.3800]		[6.8370]
[0]		[49.1128]
[0]		[-0.0378]
[2.1400]		[3.0364]
[0]		[0.0798]
[24.2400]		[3.9823]
[1.6400]		[12.8563]
[0]		[-0.0441]
[0]		[0.0337]
