"C:\Program Files\Java\jdk1.8.0_291\bin\java.exe" "-javaagent:C:\Program Files\JetBrains\IntelliJ IDEA Community Edition 2021.1.1\lib\idea_rt.jar=49295:C:\Program Files\JetBrains\IntelliJ IDEA Community Edition 2021.1.1\bin" -Dfile.encoding=UTF-8 -classpath C:\Users\harrizazham98\AppData\Local\Temp\classpath80124224.jar ai.certifai.solution.EXERCISE.forest.DataScienceonForest
11
2021-12-01 14:23:00 INFO  BaseAllocator:382 - Debug mode disabled.
2021-12-01 14:23:00 INFO  DefaultAllocationManagerOption:382 - allocation manager type not specified, using netty as the default type
2021-12-01 14:23:00 INFO  CheckAllocator:386 - Using DefaultAllocationManager at memory-unsafe/4.0.0/arrow-memory-unsafe-4.0.0.jar!/org/apache/arrow/memory/DefaultAllocationManagerFactory.class
516
[10, 2, 90.6, 35.4, 669.1, 18.0, 33, 0.9, 0.0, 8.062257748]
[10, 6, 90.6, 43.7, 686.9, 14.6, 33, 1.3, 0.0, 8.062257748]
[3, 5, 91.7, 33.3, 77.5, 8.3, 97, 4.0, 0.0, 10.0]
[3, 7, 89.3, 51.3, 102.2, 11.4, 99, 1.8, 0.0, 10.0]
[8, 7, 92.3, 85.3, 488.0, 22.2, 29, 5.4, 0.0, 10.0]
[8, 1, 92.3, 88.9, 495.6, 24.1, 27, 3.1, 0.0, 10.0]
[8, 1, 91.5, 145.4, 608.2, 8.0, 86, 2.2, 0.0, 10.0]
[9, 2, 91.0, 129.5, 692.6, 13.1, 63, 5.4, 0.0, 10.0]
[9, 6, 92.5, 88.0, 698.6, 22.8, 40, 4.0, 0.0, 8.602325267]
[9, 6, 92.5, 88.0, 698.6, 17.8, 51, 7.2, 0.0, 8.602325267]
[9, 6, 92.8, 73.2, 713.0, 19.3, 38, 4.0, 0.0, 8.602325267]
[8, 5, 63.5, 70.8, 665.3, 17.0, 72, 6.7, 0.0, 7.810249676]
[9, 1, 90.9, 126.5, 686.5, 21.3, 42, 2.2, 0.0, 7.810249676]
[9, 3, 92.9, 133.3, 699.6, 26.4, 21, 4.5, 0.0, 7.810249676]
[9, 5, 93.3, 141.2, 713.9, 22.9, 44, 5.4, 0.0, 7.810249676]
[3, 6, 91.7, 35.8, 80.8, 15.1, 27, 5.4, 0.0, 7.071067812]
[10, 1, 84.9, 32.8, 664.2, 16.7, 47, 4.9, 0.0, 9.433981132]
[3, 3, 89.2, 27.9, 70.8, 15.9, 35, 4.0, 0.0, 7.211102551]
[4, 6, 86.3, 27.4, 97.1, 9.3, 44, 4.5, 0.0, 7.211102551]
[9, 2, 91.0, 129.5, 692.6, 18.3, 40, 2.7, 0.0, 7.211102551]
[9, 1, 91.8, 78.5, 724.3, 19.1, 38, 2.7, 0.0, 6.403124237]
[6, 7, 94.3, 96.3, 200.0, 21.0, 44, 4.5, 0.0, 8.062257748]
[8, 6, 90.2, 110.9, 537.4, 19.5, 43, 5.8, 0.0, 8.062257748]
[8, 6, 93.5, 139.4, 594.2, 23.7, 32, 5.8, 0.0, 8.062257748]
[8, 7, 91.4, 142.4, 601.4, 16.3, 60, 5.4, 0.0, 8.062257748]
[9, 5, 92.4, 117.9, 668.0, 19.0, 34, 5.8, 0.0, 8.062257748]
[9, 1, 90.9, 126.5, 686.5, 19.4, 48, 1.3, 0.0, 8.062257748]
[9, 6, 93.4, 145.4, 721.4, 30.2, 24, 2.7, 0.0, 6.708203932]
[9, 7, 93.5, 149.3, 728.6, 22.8, 39, 3.6, 0.0, 6.708203932]
[9, 5, 94.3, 85.1, 692.3, 25.4, 24, 3.6, 0.0, 6.708203932]
[9, 1, 88.6, 91.8, 709.9, 11.2, 78, 7.6, 0.0, 6.708203932]
[9, 5, 88.6, 69.7, 706.8, 20.6, 37, 1.8, 0.0, 6.708203932]
[9, 7, 91.7, 75.6, 718.3, 17.7, 39, 3.6, 0.0, 6.708203932]
[9, 1, 91.8, 78.5, 724.3, 21.2, 32, 2.7, 0.0, 6.708203932]
[9, 2, 90.3, 80.7, 730.2, 18.2, 62, 4.5, 0.0, 6.708203932]
[10, 2, 90.6, 35.4, 669.1, 21.7, 24, 4.5, 0.0, 6.708203932]
[10, 5, 90.0, 41.5, 682.6, 11.3, 60, 5.4, 0.0, 8.062257748]
[10, 6, 90.6, 43.7, 686.9, 17.8, 27, 4.0, 0.0, 7.615773106]
[3, 2, 88.1, 25.7, 67.6, 14.1, 43, 2.7, 0.0, 5.656854249]
[7, 2, 79.5, 60.6, 366.7, 23.3, 37, 3.1, 0.0, 5.656854249]
[8, 6, 90.2, 96.9, 624.2, 18.4, 42, 6.7, 0.0, 5.656854249]
[8, 2, 94.8, 108.3, 647.1, 16.6, 54, 5.4, 0.0, 5.656854249]
[9, 6, 92.5, 88.0, 698.6, 19.6, 48, 2.7, 0.0, 5.656854249]
[9, 3, 90.1, 82.9, 735.7, 12.9, 74, 4.9, 0.0, 5.656854249]
[9, 3, 94.3, 85.1, 692.3, 25.9, 24, 4.0, 0.0, 7.810249676]
[9, 1, 90.9, 126.5, 686.5, 14.7, 70, 3.6, 0.0, 7.810249676]
[7, 1, 94.2, 62.3, 442.9, 23.0, 36, 3.1, 0.0, 8.485281374]
[3, 1, 87.2, 23.9, 64.7, 11.8, 35, 1.8, 0.0, 5.656854249]
[3, 1, 87.6, 52.2, 103.8, 11.0, 46, 5.8, 0.0, 5.656854249]
[9, 4, 92.9, 137.0, 706.4, 20.8, 17, 1.3, 0.0, 5.656854249]
[8, 7, 90.2, 99.6, 631.2, 21.5, 34, 2.2, 0.0, 5.0]
[8, 3, 92.1, 111.2, 654.1, 20.4, 42, 4.9, 0.0, 5.0]
[8, 3, 92.1, 111.2, 654.1, 20.4, 42, 4.9, 0.0, 5.0]
[8, 4, 91.7, 114.3, 661.3, 17.6, 45, 3.6, 0.0, 5.0]
[9, 4, 92.9, 137.0, 706.4, 27.7, 24, 2.2, 0.0, 5.0]
[9, 2, 90.3, 80.7, 730.2, 17.8, 63, 4.9, 0.0, 5.0]
[10, 7, 92.6, 46.5, 691.8, 13.8, 50, 2.7, 0.0, 5.0]
[2, 1, 84.0, 9.3, 34.0, 13.9, 40, 5.4, 0.0, 2.828427125]
[2, 5, 86.6, 13.2, 43.0, 12.3, 51, 0.9, 0.0, 2.828427125]
[3, 7, 89.3, 51.3, 102.2, 11.5, 39, 5.8, 0.0, 2.828427125]
[3, 7, 89.3, 51.3, 102.2, 5.5, 59, 6.3, 0.0, 2.828427125]
[8, 4, 93.0, 75.3, 466.6, 18.8, 35, 4.9, 0.0, 2.828427125]
[8, 7, 90.2, 99.6, 631.2, 20.8, 33, 2.7, 0.0, 2.828427125]
[8, 1, 91.1, 103.2, 638.8, 23.1, 31, 3.1, 0.0, 2.828427125]
[8, 4, 91.7, 114.3, 661.3, 18.6, 44, 4.5, 0.0, 2.828427125]
[9, 5, 92.4, 117.9, 668.0, 23.0, 37, 4.5, 0.0, 2.828427125]
[9, 5, 92.4, 117.9, 668.0, 19.6, 33, 5.4, 0.0, 2.828427125]
[9, 5, 92.4, 117.9, 668.0, 19.6, 33, 6.3, 0.0, 2.828427125]
[3, 5, 91.7, 33.3, 77.5, 17.2, 26, 4.5, 0.0, 6.403124237]
[3, 5, 91.2, 48.3, 97.8, 15.8, 27, 7.6, 0.0, 6.403124237]
[9, 5, 94.3, 85.1, 692.3, 17.7, 37, 3.6, 0.0, 6.403124237]
[3, 5, 91.7, 33.3, 77.5, 15.6, 25, 6.3, 0.0, 6.403124237]
[8, 2, 88.8, 147.3, 614.5, 17.3, 43, 4.5, 0.0, 6.403124237]
[9, 5, 93.3, 141.2, 713.9, 27.6, 30, 1.3, 0.0, 6.403124237]
[2, 4, 84.2, 6.8, 26.6, 6.7, 79, 3.1, 0.0, 12.72792206]
[2, 5, 86.6, 13.2, 43.0, 15.7, 43, 3.1, 0.0, 12.72792206]
[3, 1, 87.6, 52.2, 103.8, 8.3, 72, 3.1, 0.0, 3.16227766]
[8, 5, 90.1, 108.0, 529.8, 14.7, 66, 2.7, 0.0, 2.236067977]
[8, 2, 91.0, 121.2, 561.6, 21.6, 19, 6.7, 0.0, 2.236067977]
[8, 7, 91.4, 142.4, 601.4, 19.5, 39, 6.3, 0.0, 2.236067977]
[8, 7, 90.2, 99.6, 631.2, 17.9, 44, 2.2, 0.0, 2.236067977]
[8, 2, 94.8, 108.3, 647.1, 18.6, 51, 4.5, 0.0, 2.236067977]
[8, 3, 92.1, 111.2, 654.1, 16.6, 47, 0.9, 0.0, 2.236067977]
[8, 4, 91.7, 114.3, 661.3, 20.2, 45, 3.6, 0.0, 2.236067977]
[9, 4, 92.9, 137.0, 706.4, 21.5, 15, 0.9, 0.0, 2.236067977]
[9, 4, 92.9, 137.0, 706.4, 25.4, 27, 2.2, 0.0, 2.236067977]
[9, 4, 92.9, 137.0, 706.4, 22.4, 34, 2.2, 0.0, 2.236067977]
[9, 7, 93.5, 149.3, 728.6, 25.3, 36, 3.6, 0.0, 2.236067977]
[3, 6, 91.7, 35.8, 80.8, 17.4, 25, 4.9, 0.0, 7.810249676]
[8, 6, 90.2, 96.9, 624.2, 14.7, 59, 5.8, 0.0, 7.810249676]
[3, 5, 91.7, 35.8, 80.8, 17.4, 24, 5.4, 0.0, 10.0]
[8, 7, 92.3, 85.3, 488.0, 20.8, 32, 6.3, 0.0, 10.0]
[8, 7, 91.4, 142.4, 601.4, 18.2, 43, 4.9, 0.0, 10.0]
[8, 1, 91.1, 103.2, 638.8, 23.4, 22, 2.7, 0.0, 10.0]
[9, 7, 89.7, 90.0, 704.4, 17.8, 64, 1.3, 0.0, 5.656854249]
[2, 6, 83.9, 8.0, 30.2, 12.7, 48, 1.8, 0.0, 5.0]
[3, 6, 69.0, 2.4, 15.5, 17.4, 24, 5.4, 0.0, 5.0]
[8, 7, 91.4, 142.4, 601.4, 11.6, 87, 4.5, 0.0, 5.0]
[8, 7, 91.4, 142.4, 601.4, 19.8, 39, 5.4, 0.0, 5.0]
[8, 7, 91.4, 142.4, 601.4, 19.8, 39, 5.4, 0.0, 5.0]
[8, 2, 88.8, 147.3, 614.5, 14.4, 66, 5.4, 0.0, 5.0]
[8, 2, 94.8, 108.3, 647.1, 20.1, 40, 4.0, 0.0, 4.472135955]
[9, 6, 92.5, 121.1, 674.4, 24.1, 29, 4.5, 0.0, 4.472135955]
[1, 6, 82.1, 3.7, 9.3, 5.3, 78, 3.1, 0.0, 4.472135955]
[3, 5, 85.9, 19.5, 57.3, 12.7, 52, 6.3, 0.0, 6.403124237]
[3, 4, 91.4, 30.7, 74.3, 18.2, 29, 3.1, 0.0, 6.403124237]
[8, 7, 90.2, 99.6, 631.2, 21.4, 33, 3.1, 0.0, 6.403124237]
[9, 6, 92.5, 88.0, 698.6, 20.3, 45, 3.1, 0.0, 6.403124237]
[9, 1, 88.6, 91.8, 709.9, 17.4, 56, 5.4, 0.0, 6.403124237]
[3, 5, 85.9, 19.5, 57.3, 13.7, 43, 5.8, 0.0, 5.656854249]
[3, 5, 91.7, 33.3, 77.5, 18.8, 18, 4.5, 0.0, 5.0]
[9, 7, 89.7, 90.0, 704.4, 22.8, 39, 3.6, 0.0, 5.0]
[9, 1, 91.8, 78.5, 724.3, 18.9, 35, 2.7, 0.0, 5.0]
[3, 2, 88.1, 25.7, 67.6, 15.8, 27, 7.6, 0.0, 5.0]
[3, 2, 88.1, 25.7, 67.6, 15.5, 27, 6.3, 0.0, 5.830951895]
[3, 6, 91.7, 35.8, 80.8, 11.6, 30, 6.3, 0.0, 5.0]
[3, 6, 91.7, 35.8, 80.8, 15.2, 27, 4.9, 0.0, 5.0]
[3, 1, 90.1, 39.7, 86.6, 10.6, 30, 4.0, 0.0, 5.0]
[8, 4, 93.0, 75.3, 466.6, 19.6, 36, 3.1, 0.0, 5.0]
[8, 1, 91.5, 145.4, 608.2, 10.3, 74, 2.2, 0.0, 5.0]
[8, 1, 91.5, 145.4, 608.2, 17.1, 43, 5.4, 0.0, 5.0]
[9, 7, 92.4, 124.1, 680.7, 22.5, 42, 5.4, 0.0, 5.0]
[9, 2, 84.4, 73.4, 671.9, 17.9, 45, 3.1, 0.0, 5.0]
[9, 5, 94.3, 85.1, 692.3, 19.8, 50, 5.4, 0.0, 5.0]
[10, 7, 92.6, 46.5, 691.8, 20.6, 24, 5.4, 0.0, 5.0]
[3, 1, 87.6, 52.2, 103.8, 9.0, 49, 2.2, 0.0, 5.830951895]
[9, 5, 93.5, 149.3, 728.6, 17.2, 43, 3.1, 0.0, 5.830951895]
[10, 3, 91.4, 37.9, 673.8, 15.9, 46, 3.6, 0.0, 5.830951895]
[10, 7, 92.6, 46.5, 691.8, 15.4, 35, 0.9, 0.0, 5.385164807]
[2, 6, 68.2, 21.5, 87.2, 15.4, 40, 2.7, 0.0, 7.211102551]
[3, 1, 87.2, 23.9, 64.7, 14.0, 39, 3.1, 0.0, 7.211102551]
[3, 7, 89.3, 51.3, 102.2, 10.6, 46, 4.9, 0.0, 7.211102551]
[9, 4, 93.7, 80.9, 685.2, 17.6, 42, 3.1, 0.0, 7.211102551]
[3, 2, 88.1, 25.7, 67.6, 14.9, 38, 2.7, 0.0, 5.830951895]
[8, 6, 93.5, 139.4, 594.2, 17.6, 52, 5.8, 0.0, 5.830951895]
[9, 7, 92.4, 124.1, 680.7, 17.2, 58, 1.3, 0.0, 6.708203932]
[9, 1, 90.9, 126.5, 686.5, 15.6, 66, 3.1, 0.0, 6.708203932]
[7, 2, 85.8, 48.3, 313.4, 18.0, 42, 2.7, 0.36, 12.72792206]
[9, 2, 91.0, 129.5, 692.6, 21.7, 38, 2.2, 0.43, 4.123105626]
[9, 1, 90.9, 126.5, 686.5, 21.9, 39, 1.8, 0.47, 5.385164807]
[8, 3, 95.5, 99.9, 513.3, 23.3, 31, 4.5, 0.55, 2.236067977]
[8, 5, 90.1, 108.0, 529.8, 21.2, 51, 8.9, 0.61, 10.0]
[7, 6, 90.0, 51.3, 296.3, 16.6, 53, 5.4, 0.71, 2.236067977]
[8, 3, 95.5, 99.9, 513.3, 23.8, 32, 5.4, 0.77, 5.385164807]
[8, 4, 95.2, 131.7, 578.8, 27.4, 22, 4.0, 0.9, 7.810249676]
[3, 1, 90.1, 39.7, 86.6, 13.2, 40, 5.4, 0.95, 6.403124237]
[9, 2, 84.4, 73.4, 671.9, 24.2, 28, 3.6, 0.96, 8.544003745]
[8, 2, 94.8, 108.3, 647.1, 17.4, 43, 6.7, 1.07, 2.828427125]
[9, 4, 93.7, 80.9, 685.2, 23.7, 25, 4.5, 1.12, 10.0]
[6, 5, 92.5, 56.4, 433.3, 23.2, 39, 5.4, 1.19, 7.810249676]
[7, 7, 90.1, 68.6, 355.2, 24.8, 29, 2.2, 1.36, 12.72792206]
[7, 6, 90.1, 51.2, 424.1, 24.6, 43, 1.8, 1.43, 5.0]
[9, 5, 94.3, 85.1, 692.3, 20.1, 47, 4.9, 1.46, 6.403124237]
[9, 6, 93.4, 145.4, 721.4, 29.6, 27, 2.7, 1.46, 5.099019514]
[8, 7, 94.8, 108.3, 647.1, 16.4, 47, 1.3, 1.56, 8.062257748]
[9, 6, 93.4, 145.4, 721.4, 28.6, 27, 2.2, 1.61, 4.472135955]
[8, 3, 92.1, 111.2, 654.1, 18.4, 45, 3.6, 1.63, 2.828427125]
[8, 3, 92.1, 111.2, 654.1, 20.5, 35, 4.0, 1.64, 4.472135955]
[9, 5, 92.4, 117.9, 668.0, 19.0, 34, 5.8, 1.69, 8.062257748]
[3, 1, 90.1, 39.7, 86.6, 16.1, 29, 3.1, 1.75, 8.062257748]
[8, 4, 95.2, 131.7, 578.8, 20.3, 41, 4.0, 1.9, 7.211102551]
[3, 6, 90.6, 50.1, 100.4, 15.2, 31, 8.5, 1.94, 6.708203932]
[9, 6, 92.5, 121.1, 674.4, 17.8, 56, 1.8, 1.95, 10.0]
[9, 7, 89.7, 90.0, 704.4, 17.8, 67, 2.2, 2.01, 9.433981132]
[3, 4, 84.9, 18.2, 55.0, 5.3, 70, 4.5, 2.14, 7.810249676]
[8, 3, 92.1, 111.2, 654.1, 16.6, 47, 0.9, 2.29, 7.810249676]
[8, 3, 96.0, 127.1, 570.5, 23.4, 33, 4.5, 2.51, 7.810249676]
[3, 5, 91.2, 48.3, 97.8, 14.6, 26, 9.4, 2.53, 7.810249676]
[8, 4, 95.2, 131.7, 578.8, 20.7, 45, 2.2, 2.55, 10.0]
[9, 3, 92.9, 133.3, 699.6, 21.9, 35, 1.8, 2.57, 6.403124237]
[8, 3, 85.6, 90.4, 609.6, 17.4, 50, 4.0, 2.69, 10.0]
[8, 7, 91.4, 142.4, 601.4, 20.1, 39, 5.4, 2.74, 8.062257748]
[9, 1, 90.9, 126.5, 686.5, 17.7, 39, 2.2, 3.07, 5.656854249]
[8, 6, 90.2, 96.9, 624.2, 14.2, 53, 1.8, 3.5, 4.123105626]
[8, 6, 90.2, 96.9, 624.2, 20.3, 39, 4.9, 4.53, 4.123105626]
[4, 4, 81.5, 9.1, 55.2, 5.8, 54, 5.8, 4.61, 7.810249676]
[8, 7, 90.2, 99.6, 631.2, 19.2, 44, 2.7, 4.69, 5.385164807]
[9, 3, 90.1, 82.9, 735.7, 18.3, 45, 2.2, 4.88, 5.385164807]
[8, 2, 88.8, 147.3, 614.5, 14.4, 66, 5.4, 5.23, 10.0]
[9, 7, 92.4, 124.1, 680.7, 23.9, 32, 6.7, 5.33, 3.16227766]
[10, 1, 84.9, 32.8, 664.2, 19.1, 32, 4.0, 5.44, 10.0]
[2, 7, 86.8, 15.6, 48.3, 12.4, 53, 2.2, 6.38, 6.403124237]
[10, 1, 91.7, 48.5, 696.1, 16.8, 45, 4.5, 6.83, 8.062257748]
[8, 5, 93.9, 135.7, 586.7, 20.8, 34, 4.9, 6.96, 10.0]
[9, 2, 91.0, 129.5, 692.6, 17.6, 46, 3.1, 7.04, 5.385164807]
[3, 7, 89.3, 51.3, 102.2, 11.5, 39, 5.8, 7.19, 10.0]
[9, 1, 90.9, 126.5, 686.5, 21.0, 42, 2.2, 7.3, 5.099019514]
[3, 6, 90.8, 41.9, 89.4, 13.3, 42, 0.9, 7.4, 7.211102551]
[3, 7, 90.7, 44.0, 92.4, 11.5, 60, 4.0, 8.24, 8.062257748]
[3, 5, 91.2, 48.3, 97.8, 11.7, 33, 4.0, 8.31, 7.810249676]
[8, 4, 95.2, 131.7, 578.8, 24.2, 28, 2.7, 8.68, 5.385164807]
[8, 2, 94.8, 108.3, 647.1, 24.6, 22, 4.5, 8.71, 2.828427125]
[9, 3, 92.9, 133.3, 699.6, 24.3, 25, 4.0, 9.41, 6.403124237]
[8, 2, 94.8, 108.3, 647.1, 24.6, 22, 4.5, 10.01, 2.828427125]
[8, 5, 93.9, 135.7, 586.7, 23.5, 36, 5.4, 10.02, 5.385164807]
[4, 4, 81.5, 9.1, 55.2, 5.8, 54, 5.8, 10.93, 7.810249676]
[9, 4, 92.9, 137.0, 706.4, 21.5, 15, 0.9, 11.06, 6.403124237]
[9, 2, 91.0, 129.5, 692.6, 13.9, 59, 6.3, 11.24, 5.0]
[9, 1, 63.5, 70.8, 665.3, 22.6, 38, 3.6, 11.32, 4.472135955]
[9, 2, 91.0, 129.5, 692.6, 21.6, 33, 2.2, 11.53, 5.099019514]
[3, 7, 90.1, 37.6, 83.7, 12.4, 54, 3.6, 12.1, 7.810249676]
[2, 7, 83.9, 8.7, 32.1, 8.8, 68, 2.2, 13.05, 8.062257748]
[10, 3, 91.4, 37.9, 673.8, 20.2, 37, 2.7, 13.7, 10.0]
[3, 6, 90.6, 50.1, 100.4, 15.1, 64, 4.0, 13.99, 7.810249676]
[9, 4, 92.9, 137.0, 706.4, 22.1, 34, 1.8, 14.57, 6.403124237]
[8, 6, 93.5, 139.4, 594.2, 22.9, 31, 7.2, 15.45, 2.828427125]
[9, 2, 91.0, 129.5, 692.6, 20.7, 37, 2.2, 17.2, 8.602325267]
[9, 5, 92.4, 117.9, 668.0, 19.6, 33, 6.3, 19.23, 7.810249676]
[9, 4, 93.7, 80.9, 685.2, 23.2, 26, 4.9, 23.41, 8.544003745]
[10, 6, 90.6, 43.7, 686.9, 18.4, 25, 3.1, 24.23, 5.656854249]
[8, 6, 93.5, 139.4, 594.2, 5.1, 96, 5.8, 26.0, 8.062257748]
[9, 5, 94.3, 85.1, 692.3, 20.1, 47, 4.9, 26.13, 8.062257748]
[3, 1, 87.6, 52.2, 103.8, 11.0, 46, 5.8, 27.35, 7.615773106]
[3, 6, 91.7, 35.8, 80.8, 17.0, 27, 4.9, 28.66, 5.656854249]
[3, 6, 91.7, 35.8, 80.8, 17.0, 27, 4.9, 28.66, 5.656854249]
[9, 7, 92.4, 124.1, 680.7, 16.9, 60, 1.3, 29.48, 5.656854249]
[9, 1, 88.6, 91.8, 709.9, 12.4, 73, 6.3, 30.32, 3.16227766]
[9, 3, 92.9, 133.3, 699.6, 19.4, 19, 1.3, 31.72, 6.403124237]
[3, 1, 90.1, 39.7, 86.6, 15.2, 27, 3.1, 31.86, 7.810249676]
[8, 7, 90.2, 99.6, 631.2, 16.2, 59, 3.1, 32.07, 10.0]
[9, 5, 93.3, 141.2, 713.9, 18.6, 49, 3.6, 35.88, 5.0]
[3, 1, 87.6, 52.2, 103.8, 11.0, 46, 5.8, 36.85, 5.0]
[7, 5, 88.3, 150.3, 309.9, 13.4, 79, 3.6, 37.02, 2.828427125]
[9, 3, 90.1, 82.9, 735.7, 15.4, 57, 4.5, 37.71, 8.062257748]
[9, 7, 93.5, 149.3, 728.6, 22.9, 39, 4.9, 48.55, 5.656854249]
[10, 1, 91.7, 48.5, 696.1, 16.1, 44, 4.0, 49.37, 8.602325267]
[8, 6, 92.2, 81.8, 480.8, 20.1, 34, 4.5, 58.3, 10.0]
[9, 7, 93.5, 149.3, 728.6, 28.3, 26, 3.1, 64.1, 7.211102551]
[8, 6, 92.2, 81.8, 480.8, 16.4, 43, 4.0, 71.3, 10.0]
[9, 3, 92.9, 133.3, 699.6, 26.4, 21, 4.5, 88.49, 5.656854249]
[9, 7, 93.5, 149.3, 728.6, 27.8, 27, 3.1, 95.18, 5.099019514]
[9, 2, 91.0, 129.5, 692.6, 18.7, 43, 2.7, 103.39, 7.211102551]
[9, 2, 84.4, 73.4, 671.9, 24.3, 36, 3.1, 105.66, 9.848857802]
[9, 6, 92.5, 121.1, 674.4, 17.7, 25, 3.1, 154.88, 6.403124237]
[8, 7, 91.4, 142.4, 601.4, 19.6, 41, 5.8, 196.48, 10.0]
[9, 6, 92.5, 121.1, 674.4, 18.2, 46, 1.8, 200.94, 2.828427125]
[9, 2, 91.0, 129.5, 692.6, 18.8, 40, 2.2, 212.88, 2.236067977]
[9, 6, 92.5, 121.1, 674.4, 25.1, 27, 4.0, 1090.84, 7.810249676]
[4, 7, 81.9, 3.0, 7.9, 13.4, 75, 1.8, 0.0, 8.602325267]
[4, 3, 88.0, 17.2, 43.5, 15.2, 51, 2.7, 0.0, 6.708203932]
[4, 5, 83.0, 23.3, 85.3, 16.7, 20, 3.1, 0.0, 5.656854249]
[8, 7, 94.2, 122.3, 589.9, 15.4, 66, 4.0, 10.13, 4.472135955]
[8, 7, 91.8, 175.1, 700.7, 21.9, 73, 7.6, 0.0, 8.062257748]
[8, 7, 91.8, 175.1, 700.7, 22.4, 54, 7.6, 2.87, 4.472135955]
[8, 7, 91.8, 175.1, 700.7, 26.8, 38, 6.3, 0.76, 5.0]
[8, 7, 91.8, 175.1, 700.7, 25.7, 39, 5.4, 0.09, 6.403124237]
[8, 3, 92.2, 91.6, 503.6, 20.7, 70, 2.2, 0.75, 4.472135955]
[8, 3, 93.1, 157.3, 666.7, 28.7, 28, 2.7, 0.0, 10.0]
[8, 3, 93.1, 157.3, 666.7, 21.7, 40, 0.4, 2.47, 5.0]
[8, 3, 93.1, 157.3, 666.7, 26.8, 25, 3.1, 0.68, 9.433981132]
[8, 3, 93.1, 157.3, 666.7, 24.0, 36, 3.1, 0.24, 9.433981132]
[8, 3, 93.1, 157.3, 666.7, 22.1, 37, 3.6, 0.21, 7.810249676]
[8, 4, 91.9, 109.2, 565.5, 21.4, 38, 2.7, 1.52, 8.062257748]
[8, 4, 91.6, 138.1, 621.7, 18.9, 41, 3.1, 10.34, 6.708203932]
[8, 4, 87.5, 77.0, 694.8, 22.3, 46, 4.0, 0.0, 5.385164807]
[8, 6, 94.2, 117.2, 581.1, 23.9, 41, 2.2, 8.02, 10.0]
[8, 6, 94.2, 117.2, 581.1, 21.4, 44, 2.7, 0.68, 5.0]
[8, 6, 91.8, 170.9, 692.3, 20.6, 59, 0.9, 0.0, 5.0]
[8, 6, 91.8, 170.9, 692.3, 23.7, 40, 1.8, 1.38, 8.062257748]
[8, 1, 93.6, 97.9, 542.0, 28.3, 32, 4.0, 8.85, 4.472135955]
[8, 5, 91.6, 112.4, 573.0, 11.2, 84, 7.6, 3.3, 5.0]
[8, 5, 91.6, 112.4, 573.0, 21.4, 42, 3.1, 4.25, 4.472135955]
[8, 5, 91.1, 141.1, 629.1, 19.3, 39, 3.6, 1.56, 6.708203932]
[8, 5, 94.3, 167.6, 684.4, 21.8, 53, 3.1, 6.54, 5.656854249]
[8, 2, 93.7, 102.2, 550.3, 22.1, 54, 7.6, 0.79, 5.656854249]
[8, 2, 94.3, 131.7, 607.1, 19.4, 55, 4.0, 0.17, 7.810249676]
[8, 2, 92.1, 152.6, 658.2, 23.7, 24, 3.1, 0.0, 2.828427125]
[8, 2, 92.1, 152.6, 658.2, 21.0, 32, 3.1, 0.0, 5.0]
[8, 2, 92.1, 152.6, 658.2, 19.1, 53, 2.7, 4.4, 5.656854249]
[8, 2, 92.1, 152.6, 658.2, 21.8, 56, 3.1, 0.52, 2.828427125]
[8, 2, 92.1, 152.6, 658.2, 20.1, 58, 4.5, 9.27, 10.0]
[8, 2, 92.1, 152.6, 658.2, 20.2, 47, 4.0, 3.09, 5.385164807]
[12, 7, 84.4, 27.2, 353.5, 4.8, 57, 8.5, 8.98, 7.211102551]
[12, 3, 84.0, 27.8, 354.6, 5.1, 61, 8.0, 11.19, 10.0]
[12, 4, 84.6, 26.4, 352.0, 5.1, 61, 4.9, 5.38, 7.211102551]
[12, 1, 85.4, 25.4, 349.7, 4.6, 21, 8.5, 17.85, 5.656854249]
[12, 1, 85.4, 25.4, 349.7, 4.6, 21, 8.5, 10.73, 5.0]
[12, 1, 85.4, 25.4, 349.7, 4.6, 21, 8.5, 22.03, 5.656854249]
[12, 1, 85.4, 25.4, 349.7, 4.6, 21, 8.5, 9.77, 5.656854249]
[12, 5, 84.7, 26.7, 352.6, 2.2, 59, 4.9, 9.27, 7.211102551]
[12, 2, 85.4, 25.4, 349.7, 5.1, 24, 8.5, 24.77, 7.810249676]
[2, 7, 84.9, 27.5, 353.5, 4.2, 51, 4.0, 0.0, 6.708203932]
[2, 3, 86.9, 6.6, 18.7, 8.8, 35, 3.1, 1.1, 5.0]
[2, 5, 85.2, 4.9, 15.8, 7.5, 46, 8.0, 24.24, 6.403124237]
[7, 7, 93.9, 169.7, 411.8, 23.4, 40, 6.3, 0.0, 5.385164807]
[7, 3, 91.2, 183.1, 437.7, 12.6, 90, 7.6, 0.0, 9.219544457]
[7, 6, 91.6, 104.2, 474.9, 22.1, 49, 2.7, 0.0, 8.062257748]
[7, 6, 91.6, 104.2, 474.9, 24.2, 32, 1.8, 0.0, 8.062257748]
[7, 6, 91.6, 104.2, 474.9, 24.3, 30, 1.8, 0.0, 8.062257748]
[7, 6, 91.6, 104.2, 474.9, 18.7, 53, 1.8, 0.0, 5.385164807]
[7, 6, 91.6, 104.2, 474.9, 25.3, 39, 0.9, 8.0, 9.848857802]
[7, 5, 91.6, 100.2, 466.3, 22.9, 40, 1.3, 2.64, 6.403124237]
[7, 2, 93.1, 180.4, 430.8, 26.9, 28, 5.4, 86.45, 9.219544457]
[7, 2, 92.3, 88.8, 440.9, 17.1, 67, 3.6, 6.57, 10.0]
[6, 7, 93.1, 180.4, 430.8, 22.2, 48, 1.3, 0.0, 8.602325267]
[6, 7, 90.4, 89.5, 290.8, 14.3, 46, 1.8, 0.9, 7.211102551]
[6, 7, 90.4, 89.5, 290.8, 15.4, 45, 2.2, 0.0, 10.0]
[6, 3, 91.2, 147.8, 377.2, 19.6, 43, 4.9, 0.0, 10.0]
[6, 6, 53.4, 71.0, 233.8, 10.6, 90, 2.7, 0.0, 7.810249676]
[6, 1, 90.4, 93.3, 298.1, 20.7, 25, 4.9, 0.0, 7.810249676]
[6, 1, 90.4, 93.3, 298.1, 19.1, 39, 5.4, 3.52, 7.810249676]
[6, 5, 91.1, 94.1, 232.1, 19.2, 38, 4.5, 0.0, 6.708203932]
[6, 5, 91.1, 94.1, 232.1, 19.2, 38, 4.5, 0.0, 6.708203932]
[5, 6, 85.1, 28.0, 113.8, 11.3, 94, 4.9, 0.0, 7.810249676]
[9, 7, 89.6, 84.1, 714.3, 19.0, 52, 2.2, 0.0, 4.123105626]
[9, 7, 89.6, 84.1, 714.3, 17.1, 53, 5.4, 0.41, 8.062257748]
[9, 7, 89.6, 84.1, 714.3, 23.8, 35, 3.6, 5.18, 5.0]
[9, 7, 92.4, 105.8, 758.1, 16.0, 45, 1.8, 0.0, 4.472135955]
[9, 7, 92.4, 105.8, 758.1, 24.9, 27, 2.2, 0.0, 4.472135955]
[9, 7, 92.4, 105.8, 758.1, 25.3, 27, 2.7, 0.0, 8.062257748]
[9, 7, 92.4, 105.8, 758.1, 24.8, 28, 1.8, 14.29, 6.708203932]
[9, 7, 50.4, 46.2, 706.6, 12.2, 78, 6.3, 0.0, 4.472135955]
[9, 3, 92.6, 115.4, 777.1, 24.3, 27, 4.9, 0.0, 7.810249676]
[9, 3, 92.6, 115.4, 777.1, 19.7, 41, 1.8, 1.58, 5.656854249]
[9, 3, 91.2, 134.7, 817.5, 18.5, 30, 2.7, 0.0, 5.0]
[9, 4, 92.4, 96.2, 739.4, 18.6, 24, 5.8, 0.0, 6.403124237]
[9, 4, 92.4, 96.2, 739.4, 19.2, 24, 4.9, 3.78, 5.656854249]
[9, 4, 92.8, 119.0, 783.5, 21.6, 27, 2.2, 0.0, 7.810249676]
[9, 4, 92.8, 119.0, 783.5, 21.6, 28, 6.3, 4.41, 6.403124237]
[9, 4, 92.8, 119.0, 783.5, 18.9, 34, 7.2, 34.36, 6.708203932]
[9, 4, 92.8, 119.0, 783.5, 16.8, 28, 4.0, 7.21, 4.123105626]
[9, 4, 92.8, 119.0, 783.5, 16.8, 28, 4.0, 1.01, 7.810249676]
[9, 4, 90.7, 136.9, 822.8, 12.9, 39, 2.7, 2.18, 5.830951895]
[9, 4, 88.1, 53.3, 726.9, 13.7, 56, 1.8, 4.42, 7.810249676]
[9, 6, 92.2, 102.3, 751.5, 24.2, 27, 3.1, 0.0, 4.123105626]
[9, 6, 92.2, 102.3, 751.5, 24.1, 27, 3.1, 0.0, 6.403124237]
[9, 6, 92.2, 102.3, 751.5, 21.2, 32, 2.2, 0.0, 7.810249676]
[9, 6, 92.2, 102.3, 751.5, 19.7, 35, 1.8, 0.0, 7.810249676]
[9, 6, 92.2, 102.3, 751.5, 23.5, 27, 4.0, 3.33, 5.0]
[9, 6, 92.2, 102.3, 751.5, 24.2, 27, 3.1, 6.58, 4.242640687]
[9, 6, 91.2, 124.4, 795.3, 21.5, 28, 4.5, 15.64, 8.062257748]
[9, 6, 91.2, 124.4, 795.3, 17.1, 41, 2.2, 11.22, 5.656854249]
[9, 1, 92.1, 87.7, 721.1, 18.1, 54, 3.1, 2.13, 4.123105626]
[9, 1, 91.6, 108.4, 764.0, 18.0, 51, 5.4, 0.0, 3.605551275]
[9, 1, 91.6, 108.4, 764.0, 9.8, 86, 1.8, 0.0, 5.0]
[9, 1, 91.6, 108.4, 764.0, 19.3, 44, 2.2, 0.0, 8.062257748]
[9, 1, 91.6, 108.4, 764.0, 23.0, 34, 2.2, 56.04, 6.708203932]
[9, 1, 91.6, 108.4, 764.0, 22.7, 35, 2.2, 7.48, 10.0]
[9, 1, 91.6, 108.4, 764.0, 20.4, 41, 1.8, 1.47, 4.472135955]
[9, 1, 91.6, 108.4, 764.0, 19.3, 44, 2.2, 3.93, 5.385164807]
[9, 1, 91.9, 111.7, 770.3, 15.7, 51, 2.2, 0.0, 10.0]
[9, 1, 91.5, 130.1, 807.1, 20.6, 37, 1.8, 0.0, 6.708203932]
[9, 1, 91.5, 130.1, 807.1, 15.9, 51, 4.5, 2.18, 10.0]
[9, 1, 91.5, 130.1, 807.1, 12.2, 66, 4.9, 6.1, 6.708203932]
[9, 1, 91.5, 130.1, 807.1, 16.8, 43, 3.1, 5.83, 2.828427125]
[9, 1, 91.5, 130.1, 807.1, 21.3, 35, 2.2, 28.19, 4.123105626]
[9, 5, 92.1, 99.0, 745.3, 10.1, 75, 3.6, 0.0, 6.403124237]
[9, 5, 92.1, 99.0, 745.3, 17.4, 57, 4.5, 0.0, 5.0]
[9, 5, 92.1, 99.0, 745.3, 12.8, 64, 3.6, 1.64, 6.403124237]
[9, 5, 92.1, 99.0, 745.3, 10.1, 75, 3.6, 3.71, 6.403124237]
[9, 5, 92.1, 99.0, 745.3, 15.4, 53, 6.3, 7.31, 5.656854249]
[9, 5, 92.1, 99.0, 745.3, 20.6, 43, 3.6, 2.03, 8.062257748]
[9, 5, 92.1, 99.0, 745.3, 19.8, 47, 2.7, 1.72, 8.062257748]
[9, 5, 92.1, 99.0, 745.3, 18.7, 50, 2.2, 5.97, 8.062257748]
[9, 5, 92.1, 99.0, 745.3, 20.8, 35, 4.9, 13.06, 5.656854249]
[9, 5, 92.1, 99.0, 745.3, 20.8, 35, 4.9, 1.26, 5.656854249]
[9, 5, 92.5, 122.0, 789.7, 15.9, 55, 3.6, 0.0, 6.708203932]
[9, 5, 92.5, 122.0, 789.7, 19.7, 39, 2.7, 0.0, 6.708203932]
[9, 5, 92.5, 122.0, 789.7, 21.1, 39, 2.2, 8.12, 4.123105626]
[9, 5, 92.5, 122.0, 789.7, 18.4, 42, 2.2, 1.09, 7.810249676]
[9, 5, 92.5, 122.0, 789.7, 17.3, 45, 4.0, 3.94, 5.0]
[9, 5, 88.2, 55.2, 732.3, 15.2, 64, 3.1, 0.52, 8.062257748]
[9, 2, 91.9, 111.7, 770.3, 15.9, 53, 2.2, 2.93, 5.0]
[9, 2, 91.9, 111.7, 770.3, 21.1, 35, 2.7, 5.65, 7.810249676]
[9, 2, 91.9, 111.7, 770.3, 19.6, 45, 3.1, 20.03, 7.810249676]
[9, 2, 91.1, 132.3, 812.1, 15.9, 38, 5.4, 1.75, 6.403124237]
[9, 2, 91.1, 132.3, 812.1, 16.4, 27, 3.6, 0.0, 6.403124237]
[9, 6, 91.2, 94.3, 744.4, 16.8, 47, 4.9, 12.64, 7.810249676]
[9, 7, 91.0, 276.3, 825.1, 13.8, 77, 7.6, 0.0, 6.403124237]
[9, 7, 91.0, 276.3, 825.1, 13.8, 77, 7.6, 11.06, 8.062257748]
[7, 3, 91.9, 133.6, 520.5, 14.2, 58, 4.0, 0.0, 5.0]
[8, 7, 92.0, 203.2, 664.5, 10.4, 75, 0.9, 0.0, 6.403124237]
[8, 4, 94.8, 222.4, 698.6, 20.3, 42, 2.7, 0.0, 6.403124237]
[9, 5, 90.3, 290.0, 855.3, 10.3, 78, 4.0, 18.3, 7.810249676]
[9, 6, 91.2, 94.3, 744.4, 15.4, 57, 4.9, 39.35, 7.810249676]
[8, 1, 92.1, 207.0, 672.6, 21.1, 54, 2.2, 0.0, 10.0]
[8, 6, 93.7, 231.1, 715.1, 21.9, 42, 2.2, 174.63, 2.828427125]
[3, 4, 90.9, 18.9, 30.6, 8.7, 51, 5.8, 0.0, 7.810249676]
[1, 7, 18.7, 1.1, 171.4, 5.2, 100, 0.9, 0.0, 6.403124237]
[7, 3, 93.7, 101.3, 458.8, 19.3, 39, 7.2, 7.73, 6.403124237]
[8, 4, 90.7, 194.1, 643.0, 16.2, 63, 2.7, 16.33, 10.0]
[8, 3, 95.2, 217.7, 690.0, 28.2, 29, 1.8, 5.86, 10.0]
[8, 4, 91.6, 248.4, 753.8, 20.5, 58, 2.7, 42.87, 10.81665383]
[8, 6, 91.6, 273.8, 819.1, 21.3, 44, 4.5, 12.18, 8.94427191]
[8, 7, 91.6, 181.3, 613.0, 20.9, 50, 2.2, 16.0, 4.472135955]
[9, 7, 90.5, 96.7, 750.5, 20.6, 55, 5.4, 24.59, 5.0]
[3, 4, 90.9, 18.9, 30.6, 11.6, 48, 5.4, 0.0, 7.071067812]
[8, 5, 94.8, 227.0, 706.7, 23.3, 34, 3.1, 28.74, 7.211102551]
[8, 5, 94.8, 227.0, 706.7, 23.3, 34, 3.1, 0.0, 8.062257748]
[2, 1, 84.7, 9.5, 58.3, 7.5, 71, 6.3, 9.96, 8.062257748]
[9, 5, 91.1, 91.3, 738.1, 20.7, 46, 2.7, 30.18, 10.0]
[9, 7, 91.0, 276.3, 825.1, 21.9, 43, 4.0, 70.76, 3.16227766]
[3, 2, 93.4, 15.0, 25.6, 15.2, 19, 7.6, 0.0, 4.472135955]
[2, 1, 84.1, 4.6, 46.7, 5.3, 68, 1.8, 0.0, 7.810249676]
[2, 7, 85.0, 9.0, 56.9, 10.1, 62, 1.8, 51.78, 6.403124237]
[9, 7, 90.5, 96.7, 750.5, 20.4, 55, 4.9, 3.64, 5.0]
[8, 7, 91.6, 181.3, 613.0, 24.3, 33, 3.6, 3.63, 7.810249676]
[8, 6, 93.7, 231.1, 715.1, 25.9, 32, 3.1, 0.0, 2.236067977]
[6, 3, 93.3, 49.5, 297.7, 28.0, 34, 4.5, 0.0, 10.29563014]
[6, 3, 93.3, 49.5, 297.7, 28.0, 34, 4.5, 8.16, 10.29563014]
[9, 4, 91.1, 88.2, 731.7, 22.8, 46, 4.0, 4.95, 5.0]
[8, 5, 94.8, 227.0, 706.7, 25.0, 36, 4.0, 0.0, 12.72792206]
[8, 4, 90.7, 194.1, 643.0, 21.3, 41, 3.6, 0.0, 10.0]
[9, 3, 87.9, 84.8, 725.1, 21.8, 34, 2.2, 6.04, 4.472135955]
[8, 2, 94.6, 212.1, 680.9, 27.9, 27, 2.2, 0.0, 2.828427125]
[9, 6, 87.1, 291.3, 860.6, 17.0, 67, 4.9, 3.95, 7.810249676]
[2, 6, 84.7, 8.2, 55.0, 14.2, 46, 4.0, 0.0, 6.403124237]
[9, 5, 90.3, 290.0, 855.3, 19.9, 44, 3.1, 7.8, 5.0]
[7, 2, 92.3, 96.2, 450.2, 23.4, 31, 5.4, 0.0, 4.123105626]
[2, 5, 84.1, 7.3, 52.8, 14.7, 42, 2.7, 0.0, 6.708203932]
[2, 5, 84.6, 3.2, 43.6, 8.2, 53, 9.4, 4.62, 8.062257748]
[7, 1, 92.3, 92.1, 442.1, 22.8, 27, 4.5, 1.63, 9.848857802]
[8, 6, 93.7, 231.1, 715.1, 26.4, 33, 3.6, 0.0, 8.602325267]
[8, 7, 93.6, 235.1, 723.1, 24.1, 50, 4.0, 0.0, 6.403124237]
[8, 4, 94.8, 222.4, 698.6, 27.5, 27, 4.9, 746.28, 10.0]
[7, 2, 92.7, 164.1, 575.8, 26.3, 39, 3.1, 7.02, 6.708203932]
[3, 3, 93.4, 17.3, 28.3, 13.8, 24, 5.8, 0.0, 7.810249676]
[8, 7, 92.0, 203.2, 664.5, 24.9, 42, 5.4, 2.44, 4.472135955]
[8, 7, 91.6, 181.3, 613.0, 24.8, 36, 4.0, 3.05, 5.385164807]
[8, 3, 91.7, 191.4, 635.9, 26.2, 36, 4.5, 185.76, 11.3137085]
[8, 3, 95.2, 217.7, 690.0, 30.8, 19, 4.5, 0.0, 4.472135955]
[7, 7, 88.9, 263.1, 795.9, 29.3, 27, 3.6, 6.3, 10.0]
[9, 6, 91.2, 94.3, 744.4, 22.3, 48, 4.0, 0.72, 3.16227766]
[8, 6, 93.7, 231.1, 715.1, 26.9, 31, 3.6, 4.96, 10.0]
[8, 4, 91.6, 248.4, 753.8, 20.4, 56, 2.2, 0.0, 2.828427125]
[8, 4, 91.6, 248.4, 753.8, 20.4, 56, 2.2, 0.0, 10.0]
[8, 1, 92.1, 207.0, 672.6, 27.9, 33, 2.2, 2.35, 4.472135955]
[8, 4, 94.8, 222.4, 698.6, 26.2, 34, 5.8, 0.0, 3.16227766]
[8, 7, 91.6, 181.3, 613.0, 24.6, 44, 4.0, 3.2, 5.0]
[9, 4, 89.7, 287.2, 849.3, 19.4, 45, 3.6, 0.0, 8.062257748]
[8, 6, 92.1, 178.0, 605.3, 23.3, 40, 4.0, 6.36, 3.16227766]
[8, 4, 94.8, 222.4, 698.6, 23.9, 38, 6.7, 0.0, 10.0]
[8, 7, 93.6, 235.1, 723.1, 20.9, 66, 4.9, 15.34, 4.472135955]
[8, 5, 90.6, 269.8, 811.2, 22.2, 45, 3.6, 0.0, 4.123105626]
[7, 6, 90.8, 84.7, 376.6, 23.8, 51, 1.8, 0.0, 5.385164807]
[8, 1, 92.1, 207.0, 672.6, 26.8, 35, 1.3, 0.54, 10.0]
[8, 6, 89.4, 253.6, 768.4, 14.2, 73, 2.7, 0.0, 10.0]
[8, 6, 93.7, 231.1, 715.1, 23.6, 53, 4.0, 6.43, 5.385164807]
[9, 5, 91.1, 91.3, 738.1, 19.1, 46, 2.2, 0.33, 3.16227766]
[9, 5, 90.3, 290.0, 855.3, 16.2, 58, 3.6, 0.0, 6.403124237]
[8, 1, 92.1, 207.0, 672.6, 25.5, 29, 1.8, 1.23, 10.0]
[4, 1, 87.9, 24.9, 41.6, 10.9, 64, 3.1, 3.35, 7.810249676]
[7, 5, 90.7, 80.9, 368.3, 14.8, 78, 8.0, 0.0, 2.236067977]
[9, 5, 90.3, 290.0, 855.3, 16.2, 58, 3.6, 9.96, 5.385164807]
[8, 7, 94.0, 47.9, 100.7, 17.3, 80, 4.5, 0.0, 7.071067812]
[8, 7, 92.0, 203.2, 664.5, 19.1, 70, 2.2, 0.0, 7.810249676]
[3, 3, 93.4, 17.3, 28.3, 8.9, 35, 8.0, 0.0, 5.0]
[9, 3, 89.7, 284.9, 844.0, 10.5, 77, 4.0, 0.0, 8.062257748]
[8, 7, 91.6, 181.3, 613.0, 19.3, 61, 4.9, 0.0, 8.062257748]
[8, 3, 95.2, 217.7, 690.0, 23.4, 49, 5.4, 6.43, 6.403124237]
[8, 5, 90.5, 196.8, 649.9, 11.8, 88, 4.9, 9.71, 4.123105626]
[8, 1, 91.5, 238.2, 730.6, 17.7, 65, 4.0, 0.0, 8.062257748]
[8, 4, 89.4, 266.2, 803.3, 17.4, 54, 3.1, 0.0, 6.403124237]
[8, 4, 91.6, 248.4, 753.8, 16.8, 56, 3.1, 0.0, 5.0]
[7, 1, 94.6, 160.0, 567.2, 17.9, 48, 2.7, 0.0, 5.0]
[8, 4, 91.6, 248.4, 753.8, 16.6, 59, 2.7, 0.0, 4.472135955]
[8, 3, 91.7, 191.4, 635.9, 19.9, 50, 4.0, 82.75, 4.123105626]
[8, 6, 93.7, 231.1, 715.1, 18.9, 64, 4.9, 3.32, 10.0]
[8, 6, 91.6, 273.8, 819.1, 15.5, 72, 8.0, 1.94, 8.062257748]
[8, 6, 93.7, 231.1, 715.1, 18.9, 64, 4.9, 0.0, 5.385164807]
[8, 6, 93.7, 231.1, 715.1, 18.9, 64, 4.9, 0.0, 10.0]
[9, 7, 91.0, 276.3, 825.1, 14.5, 76, 7.6, 3.71, 4.123105626]
[2, 2, 75.1, 4.4, 16.2, 4.6, 82, 6.3, 5.39, 7.810249676]
[2, 2, 75.1, 4.4, 16.2, 5.1, 77, 5.4, 2.14, 7.211102551]
[2, 6, 79.5, 3.6, 15.3, 4.6, 59, 0.9, 6.84, 2.828427125]
[3, 1, 87.2, 15.1, 36.9, 10.2, 45, 5.8, 3.18, 7.810249676]
[3, 3, 90.2, 18.5, 41.1, 11.2, 41, 5.4, 5.55, 5.0]
[3, 4, 91.3, 20.6, 43.5, 13.3, 27, 3.6, 6.61, 7.810249676]
[4, 7, 91.0, 14.6, 25.6, 13.7, 33, 9.4, 61.13, 6.708203932]
[4, 7, 91.0, 14.6, 25.6, 17.6, 27, 5.8, 0.0, 6.403124237]
[5, 5, 89.6, 25.4, 73.7, 18.0, 40, 4.0, 38.48, 5.0]
[6, 1, 88.2, 96.2, 229.0, 14.3, 79, 4.0, 1.94, 8.544003745]
[6, 6, 90.5, 61.1, 252.6, 24.5, 50, 3.1, 70.32, 9.848857802]
[6, 4, 93.0, 103.8, 316.7, 26.4, 35, 2.7, 10.08, 5.0]
[6, 4, 93.7, 121.7, 350.2, 22.7, 40, 9.4, 3.19, 5.385164807]
[7, 4, 93.5, 85.3, 395.0, 27.2, 28, 1.3, 1.76, 5.0]
[7, 7, 93.7, 101.3, 423.4, 26.1, 45, 4.0, 7.36, 5.0]
[7, 7, 93.7, 101.3, 423.4, 18.2, 82, 4.5, 2.21, 8.062257748]
[7, 1, 89.2, 103.9, 431.6, 22.6, 57, 4.9, 278.53, 8.062257748]
[7, 4, 93.2, 114.4, 560.0, 30.2, 25, 4.5, 2.75, 12.72792206]
[7, 4, 93.2, 114.4, 560.0, 30.2, 22, 4.9, 0.0, 5.0]
[8, 7, 94.9, 130.3, 587.1, 23.4, 40, 5.8, 1.29, 5.0]
[8, 7, 94.9, 130.3, 587.1, 31.0, 27, 5.4, 0.0, 10.0]
[8, 7, 94.9, 130.3, 587.1, 33.1, 25, 4.0, 26.43, 5.385164807]
[8, 1, 95.0, 135.5, 596.3, 30.6, 28, 3.6, 2.07, 4.472135955]
[8, 2, 95.1, 141.3, 605.8, 24.1, 43, 6.3, 2.0, 6.403124237]
[8, 2, 95.1, 141.3, 605.8, 26.4, 34, 3.6, 16.4, 6.403124237]
[8, 2, 95.1, 141.3, 605.8, 19.4, 71, 7.6, 46.7, 5.656854249]
[8, 3, 95.1, 141.3, 605.8, 20.6, 58, 1.3, 0.0, 5.656854249]
[8, 3, 95.1, 141.3, 605.8, 28.7, 33, 4.0, 0.0, 5.656854249]
[8, 4, 95.8, 152.0, 624.1, 32.4, 21, 4.5, 0.0, 5.656854249]
[8, 5, 95.9, 158.0, 633.6, 32.4, 27, 2.2, 0.0, 3.16227766]
[8, 5, 95.9, 158.0, 633.6, 27.5, 29, 4.5, 43.32, 3.16227766]
[8, 6, 96.0, 164.0, 643.0, 30.8, 30, 4.9, 8.59, 8.485281374]
[8, 1, 96.2, 175.5, 661.8, 23.9, 42, 2.2, 0.0, 8.485281374]
[8, 1, 96.2, 175.5, 661.8, 32.6, 26, 3.1, 2.77, 6.403124237]
[8, 2, 96.1, 181.1, 671.2, 32.3, 27, 2.2, 14.68, 5.0]
[8, 2, 96.1, 181.1, 671.2, 33.3, 26, 2.7, 40.54, 7.810249676]
[8, 2, 96.1, 181.1, 671.2, 27.3, 63, 4.9, 10.82, 8.602325267]
[8, 2, 96.1, 181.1, 671.2, 21.6, 65, 4.9, 0.0, 10.0]
[8, 2, 96.1, 181.1, 671.2, 21.6, 65, 4.9, 0.0, 8.602325267]
[8, 2, 96.1, 181.1, 671.2, 20.7, 69, 4.9, 0.0, 5.656854249]
[8, 3, 94.5, 139.4, 689.1, 29.2, 30, 4.9, 1.95, 4.472135955]
[8, 3, 94.5, 139.4, 689.1, 28.9, 29, 4.9, 49.59, 5.0]
[8, 4, 91.0, 163.2, 744.4, 26.7, 35, 1.8, 5.8, 2.236067977]
[8, 5, 91.0, 166.9, 752.6, 18.5, 73, 8.5, 0.0, 2.236067977]
[8, 5, 91.0, 166.9, 752.6, 25.9, 41, 3.6, 0.0, 4.472135955]
[8, 5, 91.0, 166.9, 752.6, 25.9, 41, 3.6, 0.0, 2.236067977]
[8, 5, 91.0, 166.9, 752.6, 21.1, 71, 7.6, 2.17, 6.403124237]
[8, 5, 91.0, 166.9, 752.6, 18.2, 62, 5.4, 0.43, 7.810249676]
[8, 7, 81.6, 56.7, 665.6, 27.8, 35, 2.7, 0.0, 10.0]
[8, 7, 81.6, 56.7, 665.6, 27.8, 32, 2.7, 6.44, 5.0]
[8, 7, 81.6, 56.7, 665.6, 21.9, 71, 5.8, 54.29, 4.472135955]
[8, 7, 81.6, 56.7, 665.6, 21.2, 70, 6.7, 11.16, 8.062257748]
[8, 6, 94.4, 146.0, 614.7, 25.6, 42, 4.0, 0.0, 4.123105626]
[11, 2, 79.5, 3.0, 106.7, 11.8, 31, 4.5, 0.0, 6.708203932]
2021-12-01 14:23:00 INFO  Nd4jBackend:386 - Loaded [CpuBackend] backend
2021-12-01 14:23:04 INFO  NativeOpsHolder:386 - Number of threads used for linear algebra: 4
2021-12-01 14:23:04 INFO  CpuNDArrayFactory:382 - Binary level Generic x86 optimization level AVX/AVX2
2021-12-01 14:23:04 INFO  Nd4jBlas:386 - Number of threads used for OpenMP BLAS: 4
2021-12-01 14:23:04 INFO  DefaultOpExecutioner:393 - Backend used: [CPU]; OS: [Windows 10]
2021-12-01 14:23:04 INFO  DefaultOpExecutioner:393 - Cores: [8]; Memory: [2.6GB];
2021-12-01 14:23:04 INFO  DefaultOpExecutioner:386 - Blas vendor: [OPENBLAS]
2021-12-01 14:23:04 INFO  CpuBackend:386 - Backend build information:
 GCC: "10.3.0"
STD version: 201103L
DEFAULT_ENGINE: samediff::ENGINE_CPU
HAVE_FLATBUFFERS
HAVE_OPENBLAS
2021-12-01 14:23:06 INFO  MultiLayerNetwork:403 - Starting MultiLayerNetwork with WorkspaceModes set to [training: ENABLED; inference: ENABLED], cacheMode set to [NONE]
2021-12-01 14:23:09 INFO  VertxUIServer:386 - Deeplearning4j UI server started at: http://localhost:9000
2021-12-01 14:23:09 INFO  VertxUIServer:386 - StatsStorage instance attached to UI: InMemoryStatsStorage(uid=ff596a07)
Epoch: 0
2021-12-01 14:23:09 INFO  ScoreIterationListener:393 - Score at iteration 0 is 12.246609687805176
2021-12-01 14:23:12 INFO  ScoreIterationListener:393 - Score at iteration 100 is 10.639890670776367
2021-12-01 14:23:14 INFO  ScoreIterationListener:393 - Score at iteration 200 is 8.227458953857422
2021-12-01 14:23:16 INFO  ScoreIterationListener:393 - Score at iteration 300 is 5.607230186462402
2021-12-01 14:23:17 INFO  ScoreIterationListener:393 - Score at iteration 400 is 4.63979959487915
2021-12-01 14:23:19 INFO  ScoreIterationListener:393 - Score at iteration 500 is 3.6278235912323
2021-12-01 14:23:20 INFO  ScoreIterationListener:393 - Score at iteration 600 is 3.164274215698242
2021-12-01 14:23:21 INFO  ScoreIterationListener:393 - Score at iteration 700 is 2.52665638923645
2021-12-01 14:23:23 INFO  ScoreIterationListener:393 - Score at iteration 800 is 2.3196380138397217
2021-12-01 14:23:24 INFO  ScoreIterationListener:393 - Score at iteration 900 is 2.1374478340148926
2021-12-01 14:23:25 INFO  ScoreIterationListener:393 - Score at iteration 1000 is 1.935445785522461
2021-12-01 14:23:26 INFO  ScoreIterationListener:393 - Score at iteration 1100 is 2.21860408782959
2021-12-01 14:23:27 INFO  ScoreIterationListener:393 - Score at iteration 1200 is 2.1763319969177246
2021-12-01 14:23:29 INFO  ScoreIterationListener:393 - Score at iteration 1300 is 1.8859797716140747
2021-12-01 14:23:30 INFO  ScoreIterationListener:393 - Score at iteration 1400 is 1.958306074142456
2021-12-01 14:23:31 INFO  ScoreIterationListener:393 - Score at iteration 1500 is 1.7235722541809082
2021-12-01 14:23:32 INFO  ScoreIterationListener:393 - Score at iteration 1600 is 1.6638919115066528
2021-12-01 14:23:33 INFO  ScoreIterationListener:393 - Score at iteration 1700 is 1.7076871395111084
2021-12-01 14:23:34 INFO  ScoreIterationListener:393 - Score at iteration 1800 is 1.8190805912017822
2021-12-01 14:23:36 INFO  ScoreIterationListener:393 - Score at iteration 1900 is 1.73362398147583
Epoch: 1000
2021-12-01 14:23:37 INFO  ScoreIterationListener:393 - Score at iteration 2000 is 1.608506441116333
2021-12-01 14:23:38 INFO  ScoreIterationListener:393 - Score at iteration 2100 is 1.5629053115844727
2021-12-01 14:23:39 INFO  ScoreIterationListener:393 - Score at iteration 2200 is 1.7047860622406006
2021-12-01 14:23:40 INFO  ScoreIterationListener:393 - Score at iteration 2300 is 1.9310246706008911
2021-12-01 14:23:41 INFO  ScoreIterationListener:393 - Score at iteration 2400 is 1.4868862628936768
2021-12-01 14:23:43 INFO  ScoreIterationListener:393 - Score at iteration 2500 is 1.578916311264038
2021-12-01 14:23:44 INFO  ScoreIterationListener:393 - Score at iteration 2600 is 1.4732476472854614
2021-12-01 14:23:46 INFO  ScoreIterationListener:393 - Score at iteration 2700 is 1.2955752611160278
2021-12-01 14:23:48 INFO  ScoreIterationListener:393 - Score at iteration 2800 is 1.3878469467163086
2021-12-01 14:23:50 INFO  ScoreIterationListener:393 - Score at iteration 2900 is 1.254551887512207
2021-12-01 14:23:52 INFO  ScoreIterationListener:393 - Score at iteration 3000 is 1.4695580005645752
2021-12-01 14:23:53 INFO  ScoreIterationListener:393 - Score at iteration 3100 is 1.3402988910675049
2021-12-01 14:23:54 INFO  ScoreIterationListener:393 - Score at iteration 3200 is 1.2077821493148804
2021-12-01 14:23:56 INFO  ScoreIterationListener:393 - Score at iteration 3300 is 1.2799229621887207
2021-12-01 14:23:58 INFO  ScoreIterationListener:393 - Score at iteration 3400 is 1.1881457567214966
2021-12-01 14:24:01 INFO  ScoreIterationListener:393 - Score at iteration 3500 is 1.1791765689849854
2021-12-01 14:24:04 INFO  ScoreIterationListener:393 - Score at iteration 3600 is 1.4223582744598389
2021-12-01 14:24:06 INFO  ScoreIterationListener:393 - Score at iteration 3700 is 1.2183338403701782
2021-12-01 14:24:09 INFO  ScoreIterationListener:393 - Score at iteration 3800 is 1.0903236865997314
2021-12-01 14:24:10 INFO  ScoreIterationListener:393 - Score at iteration 3900 is 1.1247864961624146
Column    MSE            MAE            RMSE           RSE            PC             R^2            
col_0     8.33788e+03    1.77036e+01    9.13120e+01    1.03201e+00    -3.36076e-02   -3.20149e-02   


Target shape: Rank: 2, DataType: FLOAT, Offset: 0, Order: f, Shape: [155,1],  Stride: [1,1]

Predictions shape: Rank: 2, DataType: FLOAT, Offset: 0, Order: c, Shape: [155,1],  Stride: [1,1]

Target 			 Predicted
155
[0]		[0.4374]
[17.8500]		[9.8935]
[8.0000]		[0.2254]
[1.5800]		[0.9104]
[58.3000]		[1.0472]
[2.7500]		[11.6850]
[0]		[-0.0391]
[0]		[5.5033]
[0]		[9.6319]
[24.5900]		[4.0276]
[3.2000]		[0.1322]
[34.3600]		[6.2428]
[0.7600]		[2.0619]
[0]		[1.7192]
[0]		[0.0415]
[9.2700]		[6.3817]
[7.3600]		[0.2818]
[0]		[8.3497]
[0]		[1.5427]
[154.8800]		[0.0049]
[0]		[0.2761]
[0]		[-0.0269]
[0]		[0.0168]
[0]		[0.1323]
[0]		[13.9525]
[4.8800]		[0.4278]
[15.6400]		[0.4144]
[0]		[15.8104]
[0]		[-0.0554]
[0]		[5.3810]
[0]		[4.1839]
[1090.8400]		[0.2745]
[0]		[0.6691]
[0.6100]		[0.5180]
[0]		[0.2445]
[2.2100]		[0.0121]
[0]		[0.0370]
[10.0800]		[0.1562]
[0]		[0.0521]
[2.7700]		[32.1376]
[212.8800]		[2.7465]
[0]		[0.1477]
[0]		[1.0600]
[0]		[0.1853]
[0]		[25.6073]
[0]		[0.2953]
[0]		[31.2907]
[8.3100]		[1.5282]
[13.0600]		[0.1998]
[1.2900]		[0.0419]
[0]		[1.9722]
[0]		[15.8053]
[14.2900]		[0.0828]
[24.2300]		[0.0004]
[2.6900]		[9.8222]
[1.7600]		[0.2294]
[0]		[0.2255]
[1.7500]		[29.1107]
[0]		[0.1436]
[0.6800]		[-0.0334]
[0]		[18.4933]
[0.4100]		[30.3350]
[1.5600]		[0.3051]
[2.2900]		[0.5829]
[0]		[3.8849]
[6.4300]		[0.7743]
[43.3200]		[0.2445]
[0]		[9.3018]
[2.1800]		[2.9228]
[49.5900]		[2.5005]
[30.3200]		[1.0690]
[0]		[2.3687]
[0.7500]		[2.5145]
[3.3200]		[0.0363]
[0]		[0.8079]
[26.4300]		[1.0798]
[0]		[0.2902]
[22.0300]		[9.8934]
[0]		[0.0868]
[0]		[5.5262]
[61.1300]		[3.9651]
[0]		[36.8826]
[0]		[16.9584]
[4.6100]		[10.7936]
[0]		[0.0383]
[8.7100]		[9.7851]
[5.1800]		[0.2443]
[0]		[1.0075]
[2.3500]		[6.1615]
[0]		[3.2948]
[42.8700]		[16.6881]
[0]		[0.7104]
[0]		[2.5497]
[37.7100]		[1.0163]
[2.5500]		[5.1107]
[0]		[0.0803]
[0]		[0.7415]
[0]		[0.1284]
[9.4100]		[13.4408]
[0]		[0.4967]
[7.0400]		[21.7600]
[0]		[1.9217]
[0]		[0.0104]
[0]		[0.2050]
[5.5500]		[0.1129]
[3.1800]		[19.7971]
[7.3100]		[2.3564]
[3.3500]		[2.1738]
[0]		[5.2815]
[0]		[0.2069]
[0]		[3.6365]
[0]		[3.9354]
[0]		[9.0881]
[0]		[11.4767]
[0]		[0.0100]
[0]		[0.0795]
[3.6300]		[0.0767]
[0]		[0.0409]
[0]		[0.1907]
[26.1300]		[0.3101]
[4.6200]		[23.1852]
[0.5400]		[1.2623]
[0]		[6.5594]
[0]		[0.1793]
[0]		[0.3002]
[11.2200]		[0.1995]
[0]		[0.1009]
[0]		[1.5427]
[1.6300]		[0.0378]
[0]		[1.4436]
[2.1700]		[0.1412]
[0]		[0.1378]
[1.5200]		[3.7216]
[0.4300]		[0.1047]
[4.9500]		[6.7425]
[0]		[16.4257]
[8.1200]		[14.9204]
[8.0200]		[0.6689]
[0]		[0.2137]
[6.5700]		[0.8946]
[0]		[5.3799]
[49.3700]		[10.5695]
[6.3600]		[0.1337]
[5.3300]		[5.5709]
[56.0400]		[0.7600]
[2.4400]		[2.7213]
[0]		[1.9224]
[0]		[0.3979]
[0]		[0.7198]
[0]		[0.9960]
[35.8800]		[82.5945]
[3.5000]		[35.0070]
[1.4600]		[0.1087]
[2.0000]		[3.8415]
[0]		[8.1999]
